X,Y,MAcgg,PP3csbg,PP34b,PP4esjc,PP4esb,PP4egm
638163.680,7980989.580,0.004,0.008,0.355,0.076,0.541,0.016
638288.680,7978239.570,0.005,0.012,0.273,0.590,0.073,0.047
637601.180,7980614.580,0.002,0.006,0.018,0.010,0.513,0.451
637913.680,7983114.580,0.003,0.005,0.064,0.643,0.262,0.022
637913.680,7974364.570,0.022,0.678,0.024,0.154,0.108,0.013
636538.680,7972677.070,0.036,0.243,0.017,0.647,0.042,0.016
636101.180,7972302.070,0.642,0.205,0.011,0.114,0.018,0.010
639226.180,7983177.080,0.004,0.013,0.016,0.101,0.774,0.092
635038.680,7971614.560,0.002,0.055,0.005,0.075,0.861,0.003
638851.180,7972239.570,0.005,0.019,0.012,0.824,0.097,0.043
637288.680,7977052.070,0.015,0.956,0.007,0.012,0.007,0.003
639413.680,7983239.580,0.002,0.082,0.009,0.013,0.886,0.008
636851.180,7977489.570,0.003,0.020,0.010,0.946,0.014,0.006
636601.180,7973114.570,0.002,0.016,0.068,0.902,0.009,0.004
636601.180,7975739.570,0.002,0.032,0.005,0.947,0.010,0.003
636663.680,7977052.070,0.001,0.012,0.005,0.973,0.006,0.003
637226.180,7973114.570,0.004,0.218,0.071,0.682,0.019,0.006
634538.680,7971489.560,0.002,0.019,0.004,0.043,0.928,0.003
637726.180,7979364.580,0.002,0.964,0.008,0.010,0.013,0.003
639913.680,7979677.080,0.005,0.009,0.018,0.360,0.164,0.443
637601.180,7976239.570,0.027,0.936,0.005,0.019,0.009,0.005
636288.680,7974364.570,0.004,0.006,0.168,0.749,0.048,0.025
637413.680,7978739.580,0.007,0.071,0.290,0.040,0.533,0.060
635913.680,7973239.570,0.004,0.065,0.008,0.663,0.246,0.014
638038.680,7973864.570,0.004,0.080,0.014,0.041,0.854,0.006
639788.680,7980489.580,0.006,0.011,0.187,0.054,0.394,0.349
638163.680,7973677.070,0.006,0.060,0.338,0.069,0.491,0.035
638351.180,7981427.080,0.005,0.008,0.651,0.232,0.077,0.027
639351.180,7980302.080,0.004,0.008,0.016,0.100,0.774,0.099
639913.690,7980927.080,0.002,0.003,0.015,0.009,0.032,0.938
637913.680,7977864.570,0.005,0.022,0.535,0.181,0.066,0.190
638851.180,7981864.580,0.003,0.009,0.008,0.056,0.382,0.542
638788.680,7977614.570,0.005,0.016,0.536,0.021,0.236,0.187
636788.680,7979302.080,0.004,0.014,0.571,0.202,0.162,0.047
636976.180,7973114.570,0.004,0.027,0.314,0.625,0.017,0.013
634538.680,7970114.560,0.010,0.583,0.010,0.045,0.343,0.009
635288.680,7970489.560,0.012,0.790,0.013,0.038,0.138,0.009
637663.680,7977052.070,0.013,0.965,0.005,0.008,0.006,0.002
636913.680,7971614.560,0.459,0.343,0.010,0.156,0.024,0.009
638288.680,7975114.570,0.133,0.094,0.017,0.629,0.116,0.011
636351.180,7974302.070,0.005,0.008,0.397,0.455,0.077,0.058
637601.180,7979239.580,0.002,0.943,0.023,0.019,0.010,0.003
636538.680,7977302.070,0.002,0.014,0.007,0.960,0.012,0.005
636226.180,7979802.080,0.004,0.016,0.966,0.007,0.005,0.003
638226.180,7975427.070,0.066,0.415,0.047,0.417,0.039,0.017
638226.180,7977364.570,0.007,0.038,0.688,0.049,0.142,0.077
637601.180,7972802.070,0.548,0.079,0.018,0.213,0.125,0.017
637726.180,7973677.070,0.015,0.636,0.010,0.308,0.023,0.007
638726.180,7975927.070,0.007,0.288,0.477,0.016,0.176,0.037
637976.180,7976114.570,0.023,0.695,0.058,0.117,0.087,0.020
639101.180,7973114.570,0.003,0.018,0.069,0.390,0.500,0.020
637851.180,7982864.580,0.007,0.012,0.128,0.079,0.590,0.183
639226.180,7982614.580,0.001,0.004,0.003,0.011,0.976,0.006
635976.180,7972614.570,0.021,0.634,0.011,0.282,0.042,0.011
638601.180,7974802.070,0.002,0.081,0.879,0.016,0.019,0.004
637788.680,7972114.570,0.009,0.913,0.017,0.033,0.022,0.007
634413.680,7971552.060,0.002,0.022,0.005,0.035,0.912,0.024
635851.180,7976302.070,0.002,0.006,0.006,0.956,0.018,0.012
638038.680,7973677.070,0.011,0.127,0.152,0.601,0.091,0.018
636163.680,7977364.570,0.009,0.037,0.426,0.323,0.092,0.113
639538.680,7980177.080,0.004,0.013,0.025,0.019,0.852,0.088
636163.680,7972239.570,0.659,0.196,0.018,0.084,0.032,0.011
638476.180,7982177.080,0.006,0.010,0.457,0.208,0.202,0.116
638351.180,7976677.070,0.002,0.004,0.497,0.339,0.139,0.018
636726.180,7973364.570,0.003,0.016,0.012,0.910,0.040,0.019
638476.180,7980614.580,0.008,0.020,0.067,0.073,0.266,0.566
639163.680,7979989.580,0.003,0.006,0.013,0.069,0.765,0.144
637101.180,7971739.560,0.336,0.443,0.005,0.199,0.011,0.005
636101.180,7974239.570,0.009,0.015,0.457,0.264,0.141,0.113
638288.680,7980177.080,0.004,0.008,0.037,0.020,0.809,0.124
638226.180,7976114.570,0.009,0.662,0.271,0.020,0.030,0.008
636101.180,7979802.080,0.003,0.009,0.973,0.005,0.006,0.003
637913.680,7977802.070,0.002,0.009,0.904,0.040,0.034,0.011
635913.680,7974177.070,0.006,0.010,0.293,0.471,0.182,0.039
638913.680,7972989.570,0.002,0.004,0.292,0.234,0.458,0.010
637913.680,7975114.570,0.001,0.874,0.032,0.085,0.005,0.002
639226.180,7980864.580,0.008,0.043,0.362,0.037,0.495,0.055
638601.180,7975489.570,0.068,0.876,0.016,0.026,0.010,0.005
638913.680,7977989.570,0.010,0.020,0.316,0.023,0.067,0.563
634663.680,7969114.560,0.007,0.017,0.022,0.663,0.225,0.067
636913.680,7973427.070,0.003,0.021,0.023,0.935,0.013,0.006
635351.180,7969677.060,0.352,0.564,0.012,0.041,0.021,0.009
636351.180,7972427.070,0.052,0.783,0.015,0.114,0.025,0.010
640038.690,7979677.080,0.002,0.003,0.006,0.101,0.030,0.859
635101.180,7971552.060,0.002,0.036,0.004,0.092,0.863,0.003
636726.180,7979302.080,0.005,0.015,0.488,0.263,0.153,0.077
640038.690,7981052.080,0.002,0.008,0.019,0.011,0.084,0.877
636476.180,7971927.070,0.007,0.063,0.022,0.387,0.511,0.010
637726.180,7975989.570,0.011,0.965,0.003,0.009,0.009,0.002
638476.180,7973177.070,0.005,0.010,0.588,0.245,0.128,0.024
638601.180,7979802.080,0.003,0.010,0.050,0.014,0.531,0.393
637413.680,7975239.570,0.001,0.012,0.005,0.972,0.006,0.003
636351.180,7971927.070,0.939,0.028,0.003,0.014,0.013,0.002
638788.680,7971614.560,0.009,0.038,0.335,0.484,0.086,0.048
636413.680,7970802.060,0.975,0.010,0.003,0.006,0.004,0.002
638163.680,7983177.080,0.005,0.009,0.054,0.742,0.148,0.043
640038.690,7980302.080,0.004,0.007,0.039,0.796,0.062,0.093
637601.180,7972364.570,0.366,0.355,0.014,0.228,0.027,0.010
639163.680,7973614.570,0.005,0.016,0.069,0.648,0.238,0.024
635913.680,7971552.060,0.027,0.949,0.003,0.012,0.007,0.003
636413.680,7971489.560,0.938,0.026,0.003,0.024,0.006,0.003
638288.680,7972927.070,0.002,0.011,0.501,0.446,0.028,0.012
637538.680,7981427.080,0.014,0.024,0.091,0.451,0.318,0.103
638163.680,7974864.570,0.101,0.086,0.013,0.520,0.271,0.009
635726.180,7979739.580,0.004,0.007,0.856,0.031,0.078,0.025
639351.180,7982239.580,0.001,0.012,0.003,0.014,0.962,0.007
638726.180,7980552.080,0.004,0.015,0.132,0.023,0.801,0.023
637538.680,7975739.570,0.011,0.083,0.634,0.169,0.082,0.021
634663.680,7969864.560,0.009,0.610,0.016,0.272,0.077,0.015
638538.680,7975364.570,0.057,0.881,0.012,0.035,0.010,0.005
637601.180,7981677.080,0.007,0.013,0.055,0.144,0.736,0.044
638976.180,7971927.070,0.005,0.033,0.161,0.695,0.065,0.041
639226.180,7981239.580,0.003,0.018,0.548,0.022,0.386,0.023
637163.680,7979364.580,0.003,0.005,0.745,0.131,0.064,0.051
636288.680,7972489.570,0.117,0.731,0.017,0.097,0.027,0.011
636101.180,7970177.060,0.041,0.765,0.014,0.145,0.025,0.010
639288.680,7973614.570,0.005,0.013,0.122,0.674,0.096,0.090
636413.680,7974864.570,0.002,0.035,0.008,0.929,0.021,0.003
637476.180,7978739.580,0.008,0.438,0.301,0.043,0.171,0.039
638038.680,7973239.570,0.007,0.048,0.033,0.736,0.164,0.012
636726.180,7976239.570,0.001,0.360,0.003,0.628,0.006,0.002
638101.180,7979177.080,0.007,0.040,0.292,0.031,0.469,0.161
638038.680,7973052.070,0.097,0.105,0.016,0.736,0.033,0.012
635851.180,7979239.580,0.007,0.013,0.141,0.254,0.075,0.509
636163.680,7972114.570,0.088,0.799,0.012,0.072,0.020,0.009
639101.180,7975239.570,0.002,0.004,0.231,0.694,0.016,0.053
637913.680,7972114.570,0.057,0.668,0.056,0.173,0.034,0.012
639413.680,7981552.080,0.003,0.005,0.017,0.050,0.837,0.089
635913.680,7972677.070,0.015,0.752,0.008,0.187,0.030,0.008
637226.180,7975364.570,0.002,0.028,0.004,0.938,0.025,0.003
638288.680,7977552.070,0.003,0.007,0.584,0.078,0.285,0.043
637538.680,7977614.570,0.003,0.978,0.005,0.007,0.004,0.002
634976.180,7970927.060,0.199,0.663,0.012,0.051,0.067,0.009
637538.680,7976239.570,0.013,0.969,0.002,0.009,0.004,0.002
636851.180,7978427.080,0.001,0.007,0.803,0.165,0.011,0.012
636913.680,7977864.570,0.003,0.022,0.178,0.780,0.011,0.006
638851.180,7974739.570,0.003,0.029,0.384,0.524,0.034,0.027
636726.180,7971864.570,0.009,0.615,0.021,0.294,0.049,0.011
639226.180,7972989.570,0.002,0.006,0.040,0.125,0.819,0.009
637663.680,7981177.080,0.006,0.011,0.112,0.081,0.512,0.277
637226.180,7977364.570,0.006,0.951,0.008,0.015,0.015,0.005
639163.680,7973989.570,0.002,0.009,0.255,0.691,0.021,0.022
636663.680,7978364.580,0.003,0.010,0.013,0.908,0.040,0.026
638476.180,7975614.570,0.041,0.900,0.039,0.012,0.006,0.003
637851.180,7982489.580,0.007,0.013,0.224,0.335,0.368,0.053
639601.180,7979989.580,0.007,0.016,0.078,0.041,0.330,0.528
636226.180,7977177.070,0.005,0.011,0.014,0.844,0.062,0.064
635976.180,7970802.060,0.899,0.067,0.006,0.017,0.007,0.005
639413.680,7980177.080,0.005,0.009,0.021,0.037,0.840,0.088
637163.680,7973864.570,0.004,0.018,0.086,0.821,0.039,0.032
636226.180,7977552.070,0.006,0.014,0.619,0.176,0.062,0.123
637663.680,7977302.070,0.003,0.977,0.005,0.009,0.004,0.002
639038.680,7981364.580,0.007,0.290,0.061,0.083,0.548,0.011
634851.180,7970052.060,0.099,0.634,0.009,0.221,0.028,0.009
638226.180,7982177.080,0.005,0.009,0.143,0.635,0.087,0.120
636288.680,7974427.070,0.008,0.014,0.142,0.693,0.077,0.067
639226.180,7973864.570,0.005,0.010,0.526,0.305,0.115,0.038
637288.680,7974552.070,0.003,0.019,0.071,0.886,0.015,0.007
638226.180,7975114.570,0.128,0.133,0.025,0.321,0.377,0.017
638663.680,7977302.070,0.009,0.021,0.213,0.042,0.215,0.500
636226.180,7973302.070,0.005,0.039,0.010,0.776,0.151,0.020
637663.680,7979614.580,0.010,0.066,0.393,0.166,0.311,0.055
635851.180,7976802.070,0.006,0.067,0.020,0.164,0.718,0.026
637226.180,7973802.070,0.002,0.013,0.017,0.926,0.036,0.006
634726.180,7969114.560,0.009,0.025,0.032,0.637,0.260,0.037
639413.680,7979677.080,0.003,0.007,0.021,0.015,0.192,0.761
637726.180,7979177.080,0.002,0.966,0.007,0.007,0.015,0.002
638976.180,7977614.570,0.005,0.022,0.167,0.020,0.437,0.349
635913.680,7979739.580,0.001,0.006,0.935,0.008,0.043,0.007
638538.680,7973052.070,0.003,0.005,0.293,0.343,0.339,0.016
637851.180,7982989.580,0.008,0.014,0.133,0.116,0.572,0.158
635726.180,7979802.080,0.002,0.004,0.936,0.018,0.026,0.014
637101.180,7976989.570,0.003,0.977,0.006,0.008,0.004,0.002
634726.180,7971052.060,0.239,0.429,0.016,0.092,0.210,0.014
638788.680,7983114.580,0.015,0.027,0.089,0.217,0.522,0.130
635976.180,7976989.570,0.004,0.026,0.015,0.869,0.062,0.023
636913.680,7974114.570,0.006,0.367,0.158,0.284,0.143,0.042
638726.180,7982677.080,0.008,0.055,0.014,0.032,0.779,0.112
636601.180,7974989.570,0.002,0.017,0.006,0.965,0.008,0.003
637163.680,7974302.070,0.002,0.007,0.240,0.738,0.008,0.005
636913.680,7979614.580,0.001,0.005,0.955,0.007,0.024,0.008
640038.690,7981114.580,0.003,0.006,0.044,0.016,0.046,0.885
634288.680,7971489.560,0.001,0.007,0.002,0.009,0.040,0.940
634476.180,7969614.560,0.005,0.008,0.011,0.088,0.241,0.647
638163.680,7972802.070,0.003,0.046,0.195,0.724,0.025,0.006
636788.680,7975739.570,0.002,0.057,0.017,0.914,0.008,0.003
635163.680,7970489.560,0.007,0.414,0.009,0.018,0.546,0.006
637163.680,7975614.570,0.005,0.027,0.259,0.663,0.030,0.015
638601.180,7979302.080,0.003,0.013,0.013,0.011,0.603,0.357
637538.680,7978614.580,0.002,0.952,0.035,0.005,0.004,0.002
638726.180,7974427.070,0.004,0.026,0.324,0.621,0.017,0.008
638601.180,7980239.580,0.004,0.014,0.124,0.025,0.723,0.110
636038.680,7978864.580,0.003,0.006,0.104,0.810,0.025,0.051
637038.680,7978677.080,0.005,0.014,0.388,0.436,0.104,0.054
635976.180,7973802.070,0.004,0.011,0.022,0.175,0.743,0.046
638851.180,7972177.070,0.005,0.032,0.014,0.875,0.058,0.015
636351.180,7979489.580,0.001,0.002,0.974,0.005,0.013,0.005
638913.680,7978239.570,0.003,0.008,0.154,0.013,0.177,0.645
635788.680,7978677.080,0.005,0.009,0.099,0.274,0.065,0.547
637851.180,7972052.070,0.078,0.819,0.018,0.051,0.025,0.009
639913.690,7981989.580,0.004,0.009,0.011,0.048,0.855,0.074
637726.180,7978989.580,0.002,0.966,0.019,0.006,0.005,0.002
635851.180,7970177.060,0.007,0.957,0.004,0.022,0.007,0.003
638288.680,7974927.070,0.022,0.116,0.048,0.250,0.540,0.024
637538.680,7978239.580,0.002,0.976,0.008,0.007,0.006,0.002
636351.180,7976114.570,0.004,0.016,0.016,0.886,0.043,0.035
638038.680,7976552.070,0.015,0.624,0.059,0.198,0.080,0.024
636601.180,7975427.070,0.001,0.304,0.004,0.682,0.006,0.002
637476.180,7977052.070,0.051,0.917,0.009,0.016,0.005,0.003
636538.680,7974302.070,0.007,0.017,0.038,0.611,0.274,0.052
634413.680,7971052.060,0.008,0.674,0.018,0.229,0.059,0.013
635476.180,7971489.560,0.026,0.914,0.004,0.044,0.008,0.004
638976.180,7980177.080,0.005,0.015,0.478,0.039,0.378,0.084
640038.690,7982739.580,0.009,0.017,0.034,0.685,0.204,0.051
638913.680,7980239.580,0.003,0.030,0.779,0.016,0.156,0.017
636976.180,7977989.570,0.003,0.020,0.866,0.089,0.016,0.005
636413.680,7979364.580,0.003,0.006,0.677,0.171,0.132,0.011
638976.180,7973052.070,0.003,0.020,0.183,0.258,0.518,0.018
638226.180,7973052.070,0.002,0.018,0.480,0.486,0.010,0.004
637913.680,7974239.570,0.031,0.508,0.048,0.141,0.250,0.022
635976.180,7974114.570,0.016,0.028,0.211,0.398,0.196,0.151
637288.680,7976552.070,0.003,0.967,0.011,0.010,0.006,0.003
636976.180,7973552.070,0.006,0.037,0.034,0.864,0.047,0.012
638413.680,7979927.080,0.003,0.012,0.043,0.020,0.779,0.143
637851.180,7975239.570,0.003,0.405,0.101,0.476,0.011,0.004
639101.180,7978989.580,0.007,0.013,0.027,0.093,0.551,0.309
636663.680,7974927.070,0.002,0.014,0.007,0.951,0.023,0.004
636913.680,7975364.570,0.002,0.009,0.005,0.974,0.007,0.003
636226.180,7970739.560,0.920,0.047,0.005,0.017,0.007,0.004
638476.180,7971739.560,0.002,0.025,0.006,0.948,0.016,0.003
638226.180,7977802.070,0.004,0.009,0.549,0.359,0.044,0.036
635601.180,7971114.560,0.110,0.846,0.007,0.023,0.009,0.005
636976.180,7978739.580,0.003,0.006,0.372,0.573,0.023,0.024
636538.680,7973614.570,0.002,0.006,0.050,0.896,0.029,0.017
635913.680,7970302.060,0.203,0.650,0.019,0.078,0.034,0.015
634288.680,7971177.060,0.011,0.149,0.034,0.074,0.687,0.045
638413.680,7978427.080,0.003,0.007,0.012,0.067,0.055,0.856
635163.680,7972052.070,0.006,0.055,0.012,0.117,0.801,0.010
637726.180,7980239.580,0.004,0.032,0.117,0.020,0.805,0.021
636851.180,7975989.570,0.033,0.234,0.025,0.640,0.054,0.014
637101.180,7972239.570,0.033,0.066,0.006,0.873,0.017,0.004
637726.180,7975114.570,0.003,0.026,0.039,0.911,0.014,0.007
639163.680,7973927.070,0.003,0.008,0.345,0.569,0.048,0.027
638538.680,7973177.070,0.004,0.009,0.430,0.211,0.332,0.016
637288.680,7975552.070,0.004,0.028,0.053,0.843,0.046,0.026
637663.680,7982364.580,0.005,0.009,0.027,0.574,0.340,0.046
637038.680,7977052.070,0.016,0.912,0.019,0.025,0.018,0.010
638288.680,7981427.080,0.004,0.006,0.616,0.232,0.122,0.021
635413.680,7969927.060,0.668,0.233,0.007,0.078,0.009,0.005
635913.680,7971989.570,0.272,0.654,0.011,0.041,0.014,0.008
635726.180,7978239.580,0.004,0.010,0.780,0.129,0.054,0.022
635851.180,7970302.060,0.118,0.850,0.005,0.015,0.008,0.004
636538.680,7974489.570,0.007,0.024,0.156,0.536,0.195,0.082
639163.680,7972677.070,0.004,0.012,0.365,0.466,0.101,0.052
638663.680,7982052.080,0.016,0.028,0.045,0.372,0.340,0.199
636101.180,7971177.060,0.165,0.793,0.007,0.020,0.009,0.005
637976.180,7977802.070,0.004,0.012,0.355,0.079,0.333,0.217
639038.680,7981739.580,0.002,0.009,0.006,0.015,0.950,0.018
636601.180,7970239.560,0.008,0.863,0.004,0.112,0.010,0.003
636413.680,7977739.570,0.006,0.022,0.069,0.730,0.074,0.099
636601.180,7979489.580,0.002,0.005,0.936,0.030,0.017,0.009
636726.180,7978989.580,0.007,0.013,0.610,0.226,0.088,0.057
636351.180,7971302.060,0.127,0.826,0.006,0.027,0.010,0.005
636851.180,7976614.570,0.002,0.079,0.008,0.888,0.019,0.004
638726.180,7981552.080,0.003,0.017,0.009,0.185,0.089,0.697
636038.680,7978552.080,0.003,0.008,0.023,0.649,0.231,0.086
638726.180,7977614.570,0.006,0.016,0.435,0.031,0.292,0.221
637226.180,7977239.570,0.013,0.970,0.002,0.008,0.004,0.002
639288.680,7973177.070,0.005,0.010,0.115,0.250,0.591,0.029
638413.680,7973114.570,0.006,0.014,0.408,0.344,0.201,0.027
634601.180,7972052.070,0.001,0.003,0.003,0.013,0.011,0.968
638976.180,7972302.070,0.003,0.009,0.052,0.878,0.031,0.027
635101.180,7970489.560,0.008,0.435,0.009,0.019,0.522,0.006
635601.180,7969052.060,0.007,0.212,0.022,0.702,0.034,0.023
637851.180,7974177.070,0.020,0.716,0.025,0.144,0.082,0.012
636163.680,7977177.070,0.004,0.010,0.014,0.884,0.055,0.033
637038.680,7972489.570,0.024,0.215,0.007,0.737,0.012,0.005
638851.180,7972302.070,0.006,0.030,0.017,0.730,0.128,0.088
637288.680,7978364.580,0.005,0.086,0.785,0.086,0.030,0.009
638476.180,7982677.080,0.008,0.079,0.027,0.212,0.507,0.168
636226.180,7978364.580,0.006,0.017,0.032,0.128,0.521,0.296
636351.180,7977927.070,0.008,0.025,0.112,0.653,0.119,0.084
637851.180,7972927.070,0.518,0.156,0.012,0.121,0.174,0.018
636601.180,7974427.070,0.004,0.007,0.400,0.479,0.084,0.026
637976.180,7979052.080,0.002,0.331,0.579,0.011,0.073,0.004
637538.680,7983114.580,0.003,0.007,0.026,0.019,0.927,0.018
638038.680,7976239.570,0.021,0.703,0.074,0.079,0.105,0.017
638851.180,7979989.580,0.005,0.016,0.253,0.029,0.577,0.119
637163.680,7978864.580,0.003,0.007,0.832,0.057,0.035,0.065
638101.180,7979427.080,0.009,0.038,0.786,0.090,0.061,0.016
636351.180,7978989.580,0.005,0.009,0.270,0.485,0.167,0.063
637788.680,7978052.070,0.009,0.260,0.512,0.124,0.079,0.015
635976.180,7976802.070,0.003,0.023,0.009,0.934,0.026,0.005
637976.180,7976052.070,0.005,0.941,0.009,0.023,0.018,0.004
636538.680,7974052.070,0.007,0.012,0.029,0.641,0.277,0.035
639163.680,7981239.580,0.003,0.057,0.797,0.014,0.123,0.006
637788.680,7982427.080,0.007,0.013,0.036,0.608,0.251,0.085
638851.180,7980302.080,0.005,0.069,0.677,0.047,0.194,0.008
637226.180,7980114.580,0.003,0.007,0.954,0.007,0.022,0.007
636601.180,7972427.070,0.009,0.058,0.018,0.869,0.034,0.013
638538.680,7979864.580,0.004,0.013,0.050,0.051,0.454,0.428
637663.680,7974927.070,0.005,0.012,0.003,0.970,0.007,0.003
634538.680,7969364.560,0.005,0.015,0.017,0.247,0.573,0.142
635976.180,7977552.070,0.005,0.010,0.607,0.228,0.121,0.029
639413.680,7983114.580,0.004,0.053,0.018,0.030,0.870,0.025
636476.180,7972739.570,0.043,0.292,0.020,0.576,0.051,0.019
638226.180,7979739.580,0.005,0.041,0.090,0.024,0.749,0.092
638226.180,7982614.580,0.005,0.009,0.337,0.490,0.080,0.079
638663.680,7976239.570,0.005,0.016,0.270,0.035,0.578,0.098
639163.680,7971677.060,0.008,0.032,0.334,0.035,0.402,0.190
637976.180,7978989.580,0.004,0.501,0.332,0.037,0.122,0.006
638538.680,7972739.570,0.002,0.005,0.058,0.881,0.011,0.043
636351.180,7974114.570,0.010,0.017,0.065,0.671,0.145,0.093
637476.180,7974989.570,0.001,0.017,0.003,0.970,0.006,0.003
636288.680,7972239.570,0.276,0.643,0.008,0.053,0.015,0.005
636101.180,7971802.070,0.057,0.911,0.006,0.015,0.007,0.004
638913.680,7975364.570,0.005,0.020,0.253,0.044,0.590,0.088
638163.680,7973364.570,0.003,0.013,0.628,0.295,0.045,0.016
636538.680,7979302.080,0.003,0.006,0.553,0.311,0.065,0.061
636351.180,7977739.570,0.005,0.011,0.020,0.847,0.059,0.058
637663.680,7976989.570,0.012,0.956,0.007,0.016,0.006,0.002
639288.680,7980802.080,0.010,0.052,0.426,0.120,0.340,0.052
636851.180,7972677.070,0.026,0.364,0.019,0.571,0.013,0.007
637788.680,7976177.070,0.023,0.624,0.052,0.167,0.117,0.018
637788.680,7980114.580,0.004,0.019,0.148,0.016,0.800,0.014
638726.180,7981927.080,0.014,0.087,0.042,0.200,0.502,0.155
638226.180,7975489.570,0.009,0.674,0.053,0.218,0.033,0.014
636226.180,7976364.570,0.003,0.016,0.012,0.926,0.022,0.022
638351.180,7972302.070,0.002,0.047,0.016,0.921,0.010,0.004
637726.180,7981864.580,0.008,0.021,0.043,0.391,0.468,0.069
636726.180,7978552.080,0.004,0.010,0.823,0.078,0.045,0.040
635726.180,7976552.070,0.008,0.069,0.034,0.373,0.473,0.042
638413.680,7975802.070,0.012,0.511,0.354,0.052,0.058,0.013
636476.180,7977114.570,0.002,0.013,0.007,0.954,0.019,0.005
637913.680,7977739.570,0.009,0.045,0.599,0.049,0.281,0.019
637288.680,7977114.570,0.013,0.962,0.007,0.012,0.004,0.002
635663.680,7969052.060,0.006,0.441,0.022,0.471,0.039,0.020
638476.180,7978739.580,0.005,0.009,0.035,0.150,0.109,0.691
638101.180,7976677.070,0.016,0.384,0.185,0.189,0.199,0.026
635976.180,7979864.580,0.002,0.006,0.981,0.004,0.003,0.003
636288.680,7972614.570,0.083,0.830,0.005,0.065,0.011,0.005
637663.680,7972864.570,0.271,0.362,0.019,0.155,0.175,0.018
637601.180,7979114.580,0.002,0.908,0.060,0.019,0.009,0.003
638851.180,7980739.580,0.004,0.031,0.024,0.084,0.815,0.042
636351.180,7970489.560,0.931,0.056,0.002,0.006,0.003,0.002
634788.680,7971927.070,0.007,0.089,0.015,0.330,0.527,0.033
637038.680,7975302.070,0.002,0.013,0.005,0.965,0.010,0.005
638226.180,7975614.570,0.003,0.517,0.395,0.070,0.011,0.004
636476.180,7973239.570,0.003,0.250,0.013,0.685,0.037,0.011
638288.680,7980614.580,0.004,0.008,0.020,0.039,0.831,0.099
637726.180,7976177.070,0.014,0.876,0.025,0.048,0.025,0.011
637351.180,7977864.570,0.005,0.941,0.027,0.014,0.008,0.004
637976.180,7983239.580,0.003,0.005,0.052,0.548,0.343,0.049
635038.680,7969364.560,0.009,0.684,0.006,0.284,0.013,0.005
634788.680,7971114.560,0.613,0.153,0.018,0.107,0.093,0.016
634976.180,7971802.070,0.003,0.030,0.006,0.085,0.870,0.006
639038.680,7981864.580,0.002,0.011,0.005,0.012,0.959,0.011
637663.680,7980364.580,0.004,0.016,0.050,0.017,0.894,0.019
636601.180,7972614.570,0.045,0.179,0.032,0.670,0.054,0.020
637663.680,7976489.570,0.175,0.575,0.015,0.207,0.017,0.010
637038.680,7972552.070,0.018,0.342,0.006,0.623,0.008,0.004
639101.180,7978114.570,0.002,0.009,0.010,0.008,0.103,0.867
638163.680,7978302.080,0.002,0.004,0.270,0.664,0.034,0.025
638538.680,7980489.580,0.005,0.014,0.088,0.050,0.519,0.323
635601.180,7974552.070,0.003,0.008,0.008,0.638,0.327,0.016
637601.180,7981739.580,0.003,0.006,0.022,0.061,0.888,0.018
639163.680,7980177.080,0.003,0.005,0.058,0.090,0.754,0.090
636726.180,7975989.570,0.008,0.054,0.019,0.904,0.010,0.004
637476.180,7975802.070,0.008,0.164,0.645,0.106,0.062,0.015
638663.680,7979114.580,0.004,0.006,0.076,0.017,0.682,0.216
636288.680,7971989.570,0.870,0.086,0.007,0.021,0.011,0.005
636976.180,7973177.070,0.011,0.068,0.081,0.761,0.056,0.023
634976.180,7972114.570,0.009,0.369,0.019,0.282,0.306,0.015
635476.180,7970864.560,0.024,0.898,0.006,0.044,0.022,0.005
636601.180,7972802.070,0.008,0.198,0.027,0.713,0.041,0.013
638163.680,7982677.080,0.008,0.014,0.088,0.430,0.304,0.157
638726.180,7976489.570,0.005,0.013,0.192,0.486,0.248,0.055
639288.680,7981489.580,0.005,0.013,0.052,0.025,0.767,0.138
637226.180,7975427.070,0.002,0.023,0.011,0.915,0.033,0.015
637288.680,7972864.570,0.060,0.088,0.020,0.807,0.018,0.007
639413.680,7981739.580,0.006,0.011,0.219,0.104,0.295,0.365
637476.180,7971802.060,0.030,0.920,0.003,0.016,0.029,0.003
636788.680,7975802.070,0.004,0.203,0.038,0.733,0.017,0.006
635288.680,7971989.570,0.012,0.455,0.012,0.105,0.406,0.011
638726.180,7975864.570,0.008,0.723,0.148,0.020,0.094,0.007
634538.680,7971114.560,0.221,0.347,0.019,0.054,0.347,0.013
638913.680,7981427.080,0.002,0.035,0.007,0.082,0.870,0.004
637663.680,7975427.070,0.005,0.221,0.038,0.631,0.094,0.011
636413.680,7976364.570,0.002,0.008,0.007,0.951,0.021,0.012
638851.180,7973677.070,0.003,0.005,0.131,0.698,0.121,0.042
638538.680,7971802.060,0.003,0.026,0.010,0.939,0.017,0.006
636538.680,7979489.580,0.001,0.003,0.957,0.020,0.012,0.007
635538.680,7969927.060,0.216,0.707,0.008,0.048,0.014,0.006
638663.680,7973052.070,0.003,0.005,0.548,0.190,0.242,0.012
637163.680,7973052.070,0.006,0.168,0.224,0.545,0.048,0.009
638663.680,7976427.070,0.004,0.010,0.161,0.141,0.620,0.064
636101.180,7979052.080,0.005,0.010,0.130,0.324,0.507,0.024
637976.180,7977864.570,0.009,0.028,0.330,0.212,0.120,0.303
640038.690,7981302.080,0.003,0.008,0.054,0.019,0.135,0.780
639601.180,7981927.080,0.003,0.005,0.035,0.027,0.877,0.052
637976.180,7975739.570,0.014,0.257,0.142,0.479,0.085,0.023
636288.680,7972989.570,0.003,0.133,0.005,0.784,0.071,0.004
639101.180,7971927.060,0.010,0.050,0.087,0.090,0.620,0.143
636476.180,7977364.570,0.002,0.014,0.007,0.961,0.011,0.005
636288.680,7973489.570,0.003,0.006,0.007,0.760,0.209,0.015
636351.180,7979239.580,0.005,0.009,0.699,0.150,0.087,0.049
636851.180,7977677.070,0.003,0.025,0.082,0.858,0.023,0.009
639288.680,7974989.570,0.005,0.011,0.531,0.329,0.045,0.080
638913.680,7981739.580,0.003,0.011,0.009,0.038,0.768,0.170
636601.180,7973427.070,0.003,0.010,0.103,0.786,0.045,0.052
639726.180,7979739.580,0.006,0.015,0.021,0.487,0.329,0.142
637351.180,7980927.080,0.004,0.010,0.218,0.031,0.637,0.100
638538.680,7972239.570,0.004,0.035,0.012,0.850,0.069,0.030
638663.680,7975677.070,0.004,0.936,0.034,0.016,0.007,0.003
634476.180,7970677.060,0.006,0.093,0.005,0.014,0.878,0.004
638226.180,7978864.580,0.009,0.015,0.103,0.544,0.160,0.169
638413.680,7982177.080,0.005,0.010,0.410,0.339,0.173,0.063
637913.680,7972989.570,0.089,0.211,0.015,0.177,0.493,0.015
636163.680,7977552.070,0.008,0.020,0.630,0.116,0.154,0.072
639476.180,7981927.080,0.002,0.007,0.131,0.012,0.826,0.022
637413.680,7982177.080,0.004,0.008,0.023,0.067,0.844,0.053
636538.680,7976989.570,0.001,0.010,0.004,0.969,0.013,0.002
638476.180,7977614.570,0.006,0.014,0.638,0.126,0.183,0.033
636226.180,7970364.560,0.351,0.592,0.008,0.022,0.020,0.006
639038.680,7971427.060,0.007,0.016,0.203,0.047,0.230,0.497
637351.180,7981364.580,0.001,0.007,0.004,0.014,0.961,0.013
635476.180,7971989.570,0.283,0.158,0.012,0.045,0.492,0.011
636913.680,7972927.070,0.004,0.031,0.278,0.662,0.017,0.008
635913.680,7977864.570,0.007,0.021,0.068,0.583,0.260,0.061
638413.680,7982239.580,0.005,0.009,0.262,0.490,0.183,0.050
639288.680,7981802.080,0.002,0.007,0.246,0.011,0.720,0.014
635538.680,7971802.070,0.085,0.820,0.014,0.051,0.021,0.009
638788.680,7973052.070,0.003,0.007,0.430,0.204,0.339,0.017
635976.180,7971489.560,0.085,0.890,0.003,0.012,0.007,0.003
636726.180,7979802.080,0.001,0.004,0.957,0.005,0.025,0.007
639163.680,7980927.080,0.007,0.036,0.279,0.047,0.566,0.065
636101.180,7969927.060,0.004,0.852,0.015,0.094,0.028,0.007
638226.180,7982364.580,0.006,0.010,0.366,0.375,0.137,0.106
638726.180,7973239.570,0.003,0.007,0.512,0.193,0.269,0.015
637413.680,7977177.070,0.051,0.892,0.027,0.022,0.005,0.003
638663.680,7980989.580,0.008,0.018,0.056,0.385,0.245,0.289
636163.680,7977052.070,0.003,0.012,0.009,0.922,0.035,0.019
638976.180,7975239.570,0.004,0.011,0.084,0.665,0.058,0.179
638163.680,7971677.060,0.006,0.253,0.019,0.680,0.032,0.010
638601.180,7980427.080,0.006,0.020,0.140,0.112,0.273,0.449
638538.680,7979114.580,0.003,0.006,0.044,0.018,0.816,0.113
638663.680,7972802.070,0.007,0.015,0.642,0.121,0.074,0.140
637663.680,7974364.570,0.003,0.313,0.059,0.609,0.011,0.004
636101.180,7976239.570,0.004,0.017,0.016,0.880,0.041,0.043
635726.180,7969364.560,0.042,0.557,0.027,0.292,0.057,0.026
637851.180,7973302.070,0.005,0.057,0.017,0.075,0.838,0.009
637726.180,7978239.570,0.006,0.750,0.083,0.066,0.086,0.009
635788.680,7978802.080,0.009,0.017,0.198,0.352,0.123,0.300
638226.180,7979614.580,0.007,0.032,0.278,0.082,0.583,0.017
637726.180,7971864.570,0.004,0.960,0.004,0.020,0.008,0.004
635976.180,7978614.580,0.003,0.005,0.025,0.721,0.047,0.199
637663.680,7971989.570,0.005,0.955,0.008,0.019,0.009,0.004
638476.180,7972114.570,0.005,0.045,0.018,0.886,0.038,0.009
639851.190,7982177.080,0.002,0.004,0.007,0.019,0.937,0.030
636038.680,7970677.060,0.427,0.539,0.007,0.014,0.009,0.005
636538.680,7971927.070,0.005,0.028,0.015,0.337,0.609,0.006
635788.680,7972052.070,0.032,0.886,0.008,0.056,0.012,0.006
638163.680,7981927.080,0.007,0.013,0.438,0.338,0.132,0.071
637413.680,7981489.580,0.003,0.013,0.009,0.039,0.905,0.031
636663.680,7976239.570,0.002,0.055,0.007,0.921,0.012,0.004
634788.680,7971364.560,0.002,0.337,0.007,0.021,0.628,0.005
638163.680,7982739.580,0.008,0.014,0.345,0.316,0.199,0.117
638413.680,7977052.070,0.003,0.007,0.725,0.108,0.138,0.019
636601.180,7979364.580,0.006,0.011,0.281,0.236,0.443,0.023
635976.180,7976114.570,0.007,0.035,0.026,0.688,0.090,0.153
636663.680,7976614.570,0.003,0.034,0.009,0.938,0.012,0.006
637976.180,7983177.080,0.002,0.004,0.074,0.538,0.346,0.035
637476.180,7980927.080,0.004,0.009,0.057,0.032,0.858,0.041
635726.180,7973864.570,0.003,0.009,0.009,0.048,0.912,0.020
637476.180,7971864.570,0.021,0.917,0.004,0.018,0.036,0.004
636288.680,7976677.070,0.002,0.010,0.009,0.963,0.010,0.005
636663.680,7976989.570,0.001,0.016,0.005,0.965,0.010,0.003
636413.680,7976614.570,0.001,0.005,0.004,0.982,0.005,0.003
638476.180,7975364.570,0.147,0.633,0.020,0.144,0.042,0.015
638038.680,7976302.070,0.015,0.742,0.039,0.083,0.108,0.013
637413.680,7978052.070,0.011,0.654,0.229,0.048,0.043,0.014
636163.680,7976489.570,0.003,0.021,0.010,0.921,0.022,0.024
639601.180,7981739.580,0.007,0.014,0.027,0.324,0.455,0.173
637601.180,7977864.570,0.013,0.961,0.011,0.007,0.006,0.002
636663.680,7972739.570,0.029,0.197,0.190,0.529,0.041,0.015
635851.180,7970552.060,0.045,0.878,0.010,0.038,0.021,0.008
636851.180,7975114.570,0.002,0.015,0.004,0.967,0.008,0.004
634538.680,7971302.060,0.002,0.123,0.005,0.037,0.829,0.004
637163.680,7974677.070,0.002,0.014,0.007,0.964,0.009,0.004
636038.680,7973302.070,0.003,0.017,0.006,0.836,0.122,0.016
638226.180,7981989.580,0.004,0.007,0.487,0.253,0.207,0.043
638413.680,7975177.070,0.009,0.613,0.024,0.291,0.048,0.015
637538.680,7982239.580,0.002,0.004,0.006,0.026,0.943,0.018
638226.180,7972552.070,0.002,0.009,0.199,0.779,0.008,0.004
638351.180,7977677.070,0.003,0.006,0.612,0.288,0.076,0.015
638101.180,7971614.560,0.002,0.845,0.007,0.132,0.010,0.004
639038.680,7978614.580,0.001,0.002,0.009,0.012,0.012,0.963
638788.680,7980427.080,0.008,0.152,0.335,0.085,0.406,0.014
635288.680,7970364.560,0.014,0.863,0.014,0.033,0.066,0.011
639226.180,7975114.570,0.004,0.009,0.639,0.262,0.038,0.048
635663.680,7969239.560,0.036,0.661,0.023,0.215,0.048,0.018
636538.680,7970802.060,0.979,0.008,0.002,0.006,0.003,0.002
638288.680,7979864.580,0.003,0.026,0.040,0.023,0.772,0.135
638413.680,7979302.080,0.005,0.020,0.028,0.027,0.430,0.490
638726.180,7982802.080,0.004,0.074,0.011,0.035,0.847,0.030
639351.180,7981927.080,0.003,0.016,0.114,0.016,0.835,0.017
638038.680,7983239.580,0.003,0.006,0.043,0.596,0.300,0.052
635663.680,7971864.570,0.073,0.726,0.011,0.169,0.013,0.008
638788.680,7979114.580,0.006,0.017,0.076,0.041,0.612,0.248
637476.180,7981239.580,0.003,0.011,0.821,0.072,0.074,0.018
639476.180,7982239.580,0.004,0.024,0.054,0.039,0.862,0.017
638913.680,7979677.080,0.007,0.021,0.030,0.027,0.278,0.637
636913.680,7973927.070,0.007,0.015,0.385,0.434,0.094,0.066
636288.680,7969989.560,0.015,0.903,0.006,0.056,0.015,0.005
636601.180,7974052.070,0.004,0.007,0.019,0.779,0.166,0.025
636788.680,7972677.070,0.027,0.613,0.037,0.280,0.032,0.012
637663.680,7978427.080,0.004,0.912,0.060,0.008,0.013,0.003
636851.180,7977052.070,0.002,0.020,0.008,0.954,0.011,0.005
640038.690,7982677.080,0.004,0.006,0.012,0.895,0.053,0.029
637788.680,7978177.070,0.010,0.428,0.364,0.099,0.085,0.015
636163.680,7976114.570,0.002,0.007,0.008,0.934,0.029,0.020
636476.180,7976364.570,0.001,0.008,0.006,0.963,0.019,0.003
638163.680,7978552.080,0.003,0.005,0.044,0.804,0.078,0.067
637413.680,7975989.570,0.024,0.951,0.004,0.009,0.008,0.003
638351.180,7974177.070,0.003,0.058,0.883,0.035,0.017,0.004
636726.180,7977489.570,0.002,0.016,0.005,0.964,0.010,0.004
634976.180,7970989.560,0.173,0.705,0.013,0.035,0.065,0.009
636663.680,7976677.070,0.001,0.017,0.004,0.969,0.006,0.003
636726.180,7973239.570,0.004,0.027,0.022,0.920,0.019,0.008
635538.680,7973864.570,0.006,0.047,0.026,0.531,0.330,0.059
635976.180,7970489.560,0.179,0.739,0.011,0.044,0.018,0.009
637101.180,7975489.570,0.002,0.052,0.008,0.922,0.010,0.005
637788.680,7981802.080,0.008,0.017,0.293,0.517,0.113,0.051
637913.680,7971802.060,0.003,0.974,0.004,0.010,0.006,0.003
638913.680,7975177.070,0.006,0.020,0.049,0.764,0.086,0.075
636538.680,7972114.570,0.009,0.040,0.017,0.714,0.210,0.010
638101.180,7974427.070,0.056,0.679,0.015,0.089,0.150,0.011
634788.680,7971239.560,0.337,0.155,0.010,0.029,0.461,0.009
636101.180,7979677.080,0.002,0.007,0.981,0.004,0.004,0.002
637663.680,7981927.080,0.005,0.009,0.025,0.169,0.754,0.038
635851.180,7978239.580,0.003,0.006,0.773,0.143,0.043,0.032
639663.680,7980177.080,0.003,0.007,0.021,0.019,0.829,0.123
637538.680,7977552.070,0.003,0.978,0.005,0.007,0.004,0.002
637601.180,7972427.070,0.258,0.487,0.011,0.176,0.059,0.008
635788.680,7974677.070,0.003,0.007,0.009,0.925,0.042,0.015
638538.680,7980239.580,0.004,0.011,0.167,0.020,0.648,0.151
639351.180,7979927.080,0.004,0.010,0.065,0.021,0.812,0.088
635851.180,7977802.070,0.006,0.027,0.043,0.270,0.612,0.041
638788.680,7980677.080,0.003,0.017,0.131,0.034,0.793,0.021
636288.680,7978239.580,0.011,0.019,0.054,0.150,0.525,0.241
637538.680,7975239.570,0.002,0.020,0.007,0.956,0.010,0.005
638038.680,7971802.060,0.008,0.696,0.024,0.153,0.107,0.012
638663.680,7979364.580,0.006,0.016,0.018,0.018,0.188,0.755
638476.180,7975677.070,0.019,0.869,0.093,0.012,0.004,0.002
638163.680,7981177.080,0.006,0.011,0.349,0.175,0.432,0.028
637851.180,7974364.570,0.109,0.581,0.048,0.191,0.046,0.026
638601.180,7980927.080,0.007,0.016,0.369,0.127,0.343,0.139
634788.680,7972177.070,0.008,0.034,0.028,0.585,0.104,0.242
639163.680,7974489.570,0.006,0.033,0.270,0.520,0.047,0.124
636351.180,7979614.580,0.001,0.004,0.967,0.006,0.015,0.006
639726.180,7982864.580,0.003,0.068,0.038,0.020,0.858,0.012
636788.680,7974302.070,0.005,0.356,0.203,0.252,0.160,0.024
637351.180,7971927.070,0.008,0.859,0.006,0.026,0.095,0.006
639226.180,7971489.560,0.002,0.009,0.086,0.022,0.834,0.047
637663.680,7976614.570,0.183,0.668,0.022,0.087,0.026,0.015
637976.180,7981489.580,0.008,0.014,0.271,0.254,0.124,0.329
634976.180,7970552.060,0.006,0.193,0.007,0.015,0.773,0.005
638726.180,7982302.080,0.003,0.008,0.008,0.019,0.162,0.800
636538.680,7976364.570,0.002,0.006,0.006,0.975,0.008,0.003
639663.680,7980927.080,0.007,0.015,0.161,0.478,0.159,0.180
636913.680,7976427.070,0.006,0.914,0.011,0.041,0.023,0.006
637788.680,7972677.070,0.463,0.046,0.011,0.148,0.321,0.011
638976.180,7973864.570,0.005,0.010,0.303,0.464,0.052,0.166
639913.690,7982927.080,0.005,0.012,0.098,0.029,0.819,0.036
637601.180,7978302.080,0.003,0.962,0.019,0.007,0.008,0.002
638163.680,7978052.070,0.004,0.014,0.716,0.157,0.045,0.063
635851.180,7970927.060,0.945,0.040,0.002,0.007,0.003,0.002
638663.680,7977552.070,0.003,0.006,0.821,0.023,0.081,0.067
636976.180,7971552.060,0.305,0.465,0.011,0.172,0.036,0.011
637538.680,7978677.080,0.002,0.939,0.022,0.006,0.028,0.002
638663.680,7982927.080,0.009,0.059,0.036,0.180,0.633,0.083
638226.180,7974239.570,0.011,0.195,0.042,0.332,0.401,0.019
636601.180,7973239.570,0.003,0.016,0.065,0.862,0.039,0.016
637163.680,7978052.070,0.031,0.923,0.022,0.012,0.008,0.004
638476.180,7971552.060,0.009,0.047,0.034,0.709,0.152,0.048
637601.180,7974114.570,0.009,0.138,0.309,0.487,0.047,0.009
635726.180,7976864.570,0.012,0.222,0.034,0.108,0.570,0.055
639351.180,7980177.080,0.003,0.006,0.020,0.023,0.899,0.048
635726.180,7969677.060,0.006,0.937,0.004,0.041,0.009,0.003
636101.180,7978927.080,0.002,0.004,0.015,0.924,0.028,0.029
637038.680,7973489.570,0.004,0.020,0.029,0.921,0.016,0.011
639101.180,7973677.070,0.004,0.010,0.088,0.554,0.319,0.024
634351.180,7970739.560,0.004,0.769,0.010,0.180,0.030,0.007
638351.180,7977989.570,0.006,0.011,0.383,0.349,0.057,0.194
638538.680,7978239.570,0.005,0.009,0.139,0.587,0.166,0.094
639351.180,7982989.580,0.003,0.019,0.011,0.040,0.904,0.025
636788.680,7974489.570,0.008,0.026,0.265,0.555,0.106,0.040
635851.180,7977552.070,0.008,0.034,0.045,0.083,0.775,0.055
638351.180,7982927.080,0.007,0.013,0.344,0.418,0.151,0.067
637913.680,7972552.070,0.010,0.098,0.029,0.792,0.054,0.017
639101.180,7973989.570,0.002,0.009,0.440,0.504,0.015,0.031
639476.180,7979677.080,0.002,0.005,0.014,0.021,0.114,0.844
636163.680,7972614.570,0.079,0.787,0.007,0.093,0.026,0.007
638101.180,7977177.070,0.009,0.310,0.205,0.098,0.361,0.016
637538.680,7979739.580,0.006,0.018,0.380,0.039,0.437,0.120
636226.180,7969802.060,0.025,0.540,0.013,0.377,0.033,0.012
637538.680,7973302.070,0.007,0.310,0.464,0.172,0.034,0.013
635913.680,7978114.580,0.004,0.007,0.570,0.261,0.101,0.056
634601.180,7971864.570,0.012,0.111,0.024,0.466,0.292,0.095
637788.680,7983114.580,0.006,0.010,0.136,0.290,0.511,0.047
638976.180,7979302.080,0.007,0.032,0.035,0.178,0.626,0.122
638913.680,7973052.070,0.003,0.010,0.189,0.401,0.382,0.015
635226.180,7970677.060,0.012,0.705,0.013,0.072,0.189,0.009
639101.180,7982614.580,0.001,0.005,0.004,0.009,0.972,0.009
637851.180,7978114.570,0.003,0.030,0.301,0.644,0.017,0.005
637351.180,7972177.070,0.005,0.104,0.015,0.488,0.381,0.006
638913.680,7978114.570,0.005,0.024,0.314,0.020,0.165,0.471
634601.180,7970927.060,0.200,0.555,0.010,0.082,0.145,0.008
635226.180,7969239.560,0.016,0.100,0.010,0.850,0.017,0.008
638351.180,7972427.070,0.004,0.101,0.039,0.826,0.020,0.010
635601.180,7969677.060,0.010,0.952,0.004,0.022,0.009,0.003
636601.180,7978114.570,0.004,0.016,0.017,0.933,0.020,0.009
638726.180,7972802.070,0.003,0.007,0.854,0.063,0.033,0.040
637976.180,7971614.560,0.069,0.853,0.006,0.049,0.018,0.005
640038.690,7983114.580,0.011,0.026,0.034,0.107,0.728,0.095
636601.180,7978489.580,0.002,0.004,0.128,0.803,0.020,0.044
638788.680,7983177.080,0.006,0.011,0.165,0.124,0.647,0.047
637476.180,7974614.570,0.001,0.005,0.061,0.924,0.006,0.003
638288.680,7980427.080,0.003,0.007,0.019,0.086,0.834,0.051
637351.180,7980114.580,0.006,0.047,0.859,0.016,0.059,0.014
637101.180,7974489.570,0.004,0.026,0.194,0.714,0.040,0.022
638351.180,7980052.080,0.001,0.003,0.015,0.008,0.904,0.068
638913.680,7981239.580,0.008,0.126,0.038,0.185,0.594,0.049
636788.680,7974739.570,0.003,0.005,0.010,0.902,0.057,0.023
634913.680,7969427.060,0.028,0.287,0.018,0.612,0.042,0.013
638913.680,7975552.070,0.005,0.100,0.659,0.022,0.179,0.034
639663.680,7982114.580,0.007,0.016,0.018,0.055,0.739,0.166
639851.180,7981052.080,0.009,0.031,0.077,0.124,0.089,0.670
637226.180,7977489.570,0.006,0.952,0.008,0.015,0.014,0.005
637726.180,7973114.570,0.020,0.418,0.026,0.082,0.433,0.022
636663.680,7977739.570,0.002,0.013,0.012,0.956,0.012,0.004
637976.180,7973927.070,0.016,0.130,0.021,0.245,0.573,0.015
634913.680,7969302.060,0.005,0.216,0.014,0.730,0.027,0.009
637413.680,7979677.080,0.005,0.010,0.686,0.045,0.152,0.102
636726.180,7973802.070,0.009,0.023,0.063,0.608,0.111,0.186
636913.680,7972427.070,0.004,0.312,0.008,0.658,0.012,0.005
635851.180,7971052.060,0.963,0.024,0.002,0.006,0.003,0.002
636351.180,7980114.580,0.002,0.004,0.955,0.007,0.026,0.006
637351.180,7975364.570,0.002,0.027,0.020,0.918,0.016,0.017
635101.180,7969927.060,0.202,0.517,0.007,0.244,0.022,0.007
637538.680,7983052.080,0.003,0.008,0.014,0.019,0.928,0.027
638413.680,7972114.570,0.003,0.031,0.012,0.916,0.031,0.006
639976.190,7982177.080,0.004,0.008,0.013,0.026,0.924,0.026
636538.680,7972864.570,0.007,0.228,0.029,0.682,0.042,0.012
636163.680,7978177.080,0.004,0.007,0.026,0.116,0.487,0.360
638913.680,7978552.080,0.001,0.002,0.006,0.004,0.010,0.977
639726.180,7981489.580,0.003,0.007,0.019,0.097,0.172,0.701
639038.680,7973802.070,0.004,0.007,0.119,0.698,0.117,0.056
638601.180,7972177.070,0.005,0.037,0.013,0.871,0.060,0.014
638976.180,7973239.570,0.003,0.006,0.341,0.418,0.213,0.019
638226.180,7979239.580,0.005,0.015,0.203,0.032,0.356,0.389
639038.680,7972052.070,0.008,0.038,0.131,0.463,0.297,0.064
637788.680,7976614.570,0.105,0.638,0.015,0.203,0.030,0.010
637788.680,7972239.570,0.006,0.883,0.013,0.060,0.032,0.006
638413.680,7974489.570,0.005,0.781,0.026,0.143,0.036,0.008
639476.180,7982302.080,0.003,0.046,0.014,0.025,0.894,0.018
638726.180,7978802.080,0.005,0.009,0.138,0.123,0.048,0.677
636163.680,7978614.580,0.005,0.010,0.030,0.545,0.114,0.296
635476.180,7969177.060,0.010,0.610,0.008,0.343,0.016,0.012
637226.180,7979989.580,0.001,0.005,0.965,0.005,0.019,0.005
636851.180,7972239.570,0.005,0.102,0.014,0.832,0.040,0.007
638601.180,7976302.070,0.006,0.014,0.088,0.060,0.494,0.339
637413.680,7977927.070,0.003,0.962,0.012,0.013,0.008,0.003
637976.180,7982864.580,0.009,0.016,0.113,0.374,0.334,0.153
638413.680,7978489.580,0.003,0.006,0.013,0.092,0.121,0.764
637476.180,7980177.080,0.008,0.019,0.936,0.018,0.011,0.007
635788.680,7974302.070,0.006,0.017,0.040,0.770,0.139,0.028
