X,Y,MAcgg,PP3csbg,PP34b,PP4esjc,PP4esb,PP4egm
638163.680,7980989.580,0.000,0.002,0.313,0.182,0.438,0.065
638288.680,7978239.570,0.000,0.019,0.294,0.479,0.130,0.078
637601.180,7980614.580,0.000,0.000,0.045,0.043,0.410,0.502
637913.680,7983114.580,0.000,0.023,0.232,0.375,0.237,0.132
637913.680,7974364.570,0.044,0.582,0.043,0.225,0.106,0.000
636538.680,7972677.070,0.011,0.311,0.047,0.471,0.137,0.023
636101.180,7972302.070,0.383,0.502,0.012,0.067,0.037,0.000
639226.180,7983177.080,0.000,0.024,0.057,0.056,0.604,0.259
635038.680,7971614.560,0.000,0.137,0.028,0.264,0.540,0.031
638851.180,7972239.570,0.000,0.102,0.212,0.547,0.089,0.050
637288.680,7977052.070,0.016,0.943,0.002,0.023,0.017,0.000
639413.680,7983239.580,0.000,0.178,0.081,0.028,0.664,0.049
636851.180,7977489.570,0.000,0.097,0.016,0.849,0.030,0.008
636601.180,7973114.570,0.000,0.075,0.091,0.774,0.033,0.027
636601.180,7975739.570,0.000,0.181,0.049,0.634,0.120,0.017
636663.680,7977052.070,0.000,0.064,0.096,0.832,0.000,0.008
637226.180,7973114.570,0.000,0.242,0.177,0.482,0.088,0.011
634538.680,7971489.560,0.003,0.130,0.032,0.215,0.607,0.013
637726.180,7979364.580,0.005,0.724,0.050,0.061,0.140,0.020
639913.680,7979677.080,0.000,0.002,0.066,0.182,0.346,0.405
637601.180,7976239.570,0.060,0.845,0.011,0.049,0.036,0.000
636288.680,7974364.570,0.000,0.015,0.253,0.586,0.069,0.076
637413.680,7978739.580,0.010,0.264,0.211,0.051,0.381,0.084
635913.680,7973239.570,0.000,0.101,0.047,0.464,0.330,0.058
638038.680,7973864.570,0.002,0.270,0.095,0.133,0.484,0.015
639788.680,7980489.580,0.000,0.000,0.121,0.078,0.312,0.489
638163.680,7973677.070,0.000,0.055,0.522,0.172,0.222,0.029
638351.180,7981427.080,0.000,0.000,0.446,0.297,0.142,0.115
639351.180,7980302.080,0.000,0.003,0.044,0.058,0.723,0.172
639913.690,7980927.080,0.000,0.010,0.096,0.117,0.218,0.559
637913.680,7977864.570,0.002,0.015,0.298,0.169,0.140,0.376
638851.180,7981864.580,0.005,0.025,0.027,0.031,0.539,0.373
638788.680,7977614.570,0.000,0.017,0.323,0.089,0.333,0.238
636788.680,7979302.080,0.000,0.012,0.509,0.129,0.216,0.134
636976.180,7973114.570,0.002,0.044,0.356,0.403,0.108,0.086
634538.680,7970114.560,0.012,0.639,0.022,0.104,0.212,0.010
635288.680,7970489.560,0.040,0.522,0.033,0.085,0.320,0.000
637663.680,7977052.070,0.023,0.928,0.002,0.034,0.012,0.000
636913.680,7971614.560,0.343,0.414,0.022,0.179,0.041,0.000
638288.680,7975114.570,0.121,0.262,0.048,0.345,0.222,0.002
636351.180,7974302.070,0.000,0.013,0.348,0.332,0.157,0.151
637601.180,7979239.580,0.015,0.778,0.118,0.044,0.043,0.003
636538.680,7977302.070,0.000,0.037,0.152,0.664,0.072,0.075
636226.180,7979802.080,0.032,0.076,0.823,0.011,0.034,0.024
638226.180,7975427.070,0.057,0.483,0.035,0.365,0.054,0.006
638226.180,7977364.570,0.000,0.024,0.563,0.076,0.215,0.122
637601.180,7972802.070,0.279,0.159,0.007,0.478,0.076,0.000
637726.180,7973677.070,0.176,0.417,0.053,0.320,0.028,0.005
638726.180,7975927.070,0.010,0.398,0.333,0.071,0.168,0.020
637976.180,7976114.570,0.020,0.571,0.205,0.078,0.126,0.000
639101.180,7973114.570,0.000,0.032,0.232,0.209,0.460,0.067
637851.180,7982864.580,0.000,0.003,0.148,0.181,0.348,0.321
639226.180,7982614.580,0.000,0.076,0.078,0.045,0.796,0.005
635976.180,7972614.570,0.102,0.594,0.013,0.178,0.102,0.011
638601.180,7974802.070,0.015,0.324,0.337,0.154,0.169,0.000
637788.680,7972114.570,0.014,0.826,0.037,0.102,0.021,0.000
634413.680,7971552.060,0.000,0.106,0.011,0.112,0.581,0.191
635851.180,7976302.070,0.000,0.001,0.102,0.776,0.083,0.039
638038.680,7973677.070,0.016,0.166,0.297,0.157,0.317,0.047
636163.680,7977364.570,0.000,0.034,0.335,0.380,0.172,0.080
639538.680,7980177.080,0.000,0.008,0.090,0.071,0.608,0.222
636163.680,7972239.570,0.594,0.250,0.006,0.061,0.089,0.000
638476.180,7982177.080,0.000,0.006,0.268,0.245,0.124,0.357
638351.180,7976677.070,0.000,0.004,0.394,0.164,0.331,0.106
636726.180,7973364.570,0.000,0.109,0.100,0.670,0.082,0.039
638476.180,7980614.580,0.000,0.000,0.205,0.070,0.231,0.495
639163.680,7979989.580,0.000,0.000,0.040,0.178,0.572,0.210
637101.180,7971739.560,0.326,0.403,0.002,0.233,0.035,0.000
636101.180,7974239.570,0.000,0.002,0.239,0.418,0.083,0.258
638288.680,7980177.080,0.000,0.010,0.073,0.078,0.643,0.196
638226.180,7976114.570,0.020,0.637,0.262,0.018,0.049,0.014
636101.180,7979802.080,0.052,0.087,0.735,0.008,0.104,0.014
637913.680,7977802.070,0.002,0.043,0.432,0.162,0.175,0.186
635913.680,7974177.070,0.000,0.005,0.154,0.314,0.404,0.123
638913.680,7972989.570,0.000,0.025,0.241,0.343,0.376,0.015
637913.680,7975114.570,0.003,0.486,0.089,0.306,0.113,0.003
639226.180,7980864.580,0.000,0.045,0.370,0.110,0.398,0.077
638601.180,7975489.570,0.049,0.792,0.026,0.114,0.018,0.000
638913.680,7977989.570,0.000,0.026,0.308,0.043,0.176,0.447
634663.680,7969114.560,0.000,0.019,0.254,0.555,0.107,0.065
636913.680,7973427.070,0.000,0.163,0.041,0.724,0.060,0.012
635351.180,7969677.060,0.227,0.695,0.000,0.031,0.045,0.002
636351.180,7972427.070,0.152,0.571,0.022,0.240,0.015,0.000
640038.690,7979677.080,0.000,0.005,0.072,0.114,0.125,0.685
635101.180,7971552.060,0.000,0.192,0.031,0.288,0.467,0.022
636726.180,7979302.080,0.000,0.005,0.544,0.099,0.268,0.084
640038.690,7981052.080,0.000,0.000,0.104,0.040,0.369,0.487
636476.180,7971927.070,0.064,0.221,0.027,0.374,0.304,0.010
637726.180,7975989.570,0.039,0.846,0.030,0.032,0.053,0.000
638476.180,7973177.070,0.000,0.000,0.458,0.281,0.183,0.078
638601.180,7979802.080,0.000,0.006,0.146,0.048,0.499,0.301
637413.680,7975239.570,0.000,0.035,0.042,0.899,0.024,0.000
636351.180,7971927.070,0.886,0.074,0.002,0.028,0.010,0.000
638788.680,7971614.560,0.000,0.100,0.149,0.606,0.098,0.046
636413.680,7970802.060,0.980,0.010,0.000,0.000,0.008,0.002
638163.680,7983177.080,0.000,0.023,0.074,0.553,0.214,0.135
640038.690,7980302.080,0.000,0.018,0.210,0.414,0.185,0.172
637601.180,7972364.570,0.440,0.318,0.004,0.184,0.054,0.000
639163.680,7973614.570,0.000,0.018,0.150,0.447,0.334,0.052
635913.680,7971552.060,0.076,0.861,0.018,0.016,0.030,0.000
636413.680,7971489.560,0.755,0.153,0.000,0.063,0.025,0.004
638288.680,7972927.070,0.000,0.081,0.504,0.368,0.029,0.018
637538.680,7981427.080,0.000,0.002,0.171,0.230,0.319,0.277
638163.680,7974864.570,0.107,0.296,0.008,0.462,0.126,0.000
635726.180,7979739.580,0.000,0.000,0.563,0.059,0.279,0.098
639351.180,7982239.580,0.010,0.052,0.010,0.043,0.852,0.033
638726.180,7980552.080,0.000,0.025,0.195,0.026,0.703,0.052
637538.680,7975739.570,0.007,0.075,0.668,0.142,0.106,0.002
634663.680,7969864.560,0.000,0.310,0.038,0.233,0.357,0.061
638538.680,7975364.570,0.063,0.766,0.038,0.126,0.006,0.000
637601.180,7981677.080,0.000,0.010,0.148,0.170,0.525,0.147
638976.180,7971927.070,0.000,0.033,0.244,0.265,0.202,0.256
639226.180,7981239.580,0.003,0.047,0.405,0.054,0.422,0.068
637163.680,7979364.580,0.000,0.006,0.579,0.210,0.133,0.072
636288.680,7972489.570,0.288,0.478,0.005,0.213,0.016,0.000
636101.180,7970177.060,0.099,0.392,0.005,0.356,0.060,0.088
639288.680,7973614.570,0.000,0.026,0.130,0.526,0.256,0.061
636413.680,7974864.570,0.000,0.161,0.165,0.599,0.074,0.002
637476.180,7978739.580,0.000,0.528,0.240,0.052,0.101,0.078
638038.680,7973239.570,0.007,0.138,0.084,0.252,0.507,0.013
636726.180,7976239.570,0.000,0.515,0.080,0.353,0.052,0.000
638101.180,7979177.080,0.002,0.060,0.211,0.093,0.243,0.391
638038.680,7973052.070,0.069,0.294,0.016,0.445,0.135,0.040
635851.180,7979239.580,0.000,0.000,0.273,0.356,0.146,0.224
636163.680,7972114.570,0.144,0.637,0.009,0.170,0.041,0.000
639101.180,7975239.570,0.000,0.014,0.330,0.503,0.078,0.074
637913.680,7972114.570,0.037,0.435,0.145,0.229,0.141,0.013
639413.680,7981552.080,0.000,0.009,0.124,0.116,0.566,0.185
635913.680,7972677.070,0.050,0.532,0.040,0.253,0.106,0.019
637226.180,7975364.570,0.000,0.194,0.024,0.739,0.037,0.006
638288.680,7977552.070,0.004,0.027,0.344,0.187,0.346,0.092
637538.680,7977614.570,0.000,0.988,0.000,0.003,0.010,0.000
634976.180,7970927.060,0.112,0.467,0.010,0.175,0.235,0.000
637538.680,7976239.570,0.030,0.886,0.011,0.051,0.022,0.000
636851.180,7978427.080,0.000,0.038,0.278,0.607,0.043,0.034
636913.680,7977864.570,0.000,0.092,0.151,0.679,0.051,0.027
638851.180,7974739.570,0.000,0.130,0.184,0.525,0.133,0.028
636726.180,7971864.570,0.037,0.316,0.070,0.386,0.178,0.013
639226.180,7972989.570,0.000,0.027,0.210,0.123,0.555,0.085
637663.680,7981177.080,0.000,0.000,0.142,0.104,0.431,0.322
637226.180,7977364.570,0.000,0.775,0.112,0.037,0.077,0.000
639163.680,7973989.570,0.000,0.037,0.296,0.492,0.079,0.095
636663.680,7978364.580,0.000,0.052,0.132,0.620,0.141,0.054
638476.180,7975614.570,0.037,0.836,0.046,0.078,0.002,0.000
637851.180,7982489.580,0.000,0.023,0.239,0.401,0.234,0.103
639601.180,7979989.580,0.000,0.000,0.080,0.068,0.492,0.359
636226.180,7977177.070,0.000,0.007,0.148,0.504,0.276,0.064
635976.180,7970802.060,0.806,0.130,0.010,0.054,0.000,0.000
639413.680,7980177.080,0.000,0.008,0.077,0.154,0.541,0.220
637163.680,7973864.570,0.000,0.047,0.159,0.651,0.089,0.053
636226.180,7977552.070,0.000,0.003,0.420,0.226,0.153,0.197
637663.680,7977302.070,0.000,0.954,0.003,0.033,0.010,0.000
639038.680,7981364.580,0.001,0.243,0.244,0.071,0.417,0.023
634851.180,7970052.060,0.067,0.617,0.010,0.238,0.064,0.004
638226.180,7982177.080,0.000,0.009,0.200,0.420,0.192,0.179
636288.680,7974427.070,0.000,0.003,0.219,0.569,0.086,0.123
639226.180,7973864.570,0.000,0.000,0.351,0.454,0.154,0.042
637288.680,7974552.070,0.000,0.029,0.137,0.698,0.065,0.071
638226.180,7975114.570,0.061,0.275,0.048,0.392,0.215,0.009
638663.680,7977302.070,0.000,0.002,0.401,0.055,0.288,0.253
636226.180,7973302.070,0.000,0.077,0.113,0.416,0.334,0.060
637663.680,7979614.580,0.000,0.231,0.300,0.071,0.313,0.086
635851.180,7976802.070,0.000,0.059,0.287,0.286,0.303,0.064
637226.180,7973802.070,0.005,0.109,0.084,0.684,0.075,0.042
634726.180,7969114.560,0.000,0.017,0.219,0.597,0.123,0.045
639413.680,7979677.080,0.000,0.000,0.046,0.069,0.269,0.615
637726.180,7979177.080,0.000,0.883,0.059,0.016,0.017,0.025
638976.180,7977614.570,0.000,0.031,0.256,0.052,0.391,0.270
635913.680,7979739.580,0.010,0.051,0.786,0.013,0.123,0.018
638538.680,7973052.070,0.000,0.000,0.393,0.228,0.308,0.072
637851.180,7982989.580,0.000,0.000,0.180,0.207,0.345,0.268
635726.180,7979802.080,0.000,0.000,0.604,0.071,0.173,0.152
637101.180,7976989.570,0.000,0.960,0.030,0.000,0.010,0.000
634726.180,7971052.060,0.197,0.349,0.005,0.245,0.204,0.000
638788.680,7983114.580,0.000,0.018,0.118,0.177,0.466,0.221
635976.180,7976989.570,0.000,0.095,0.180,0.629,0.084,0.012
636913.680,7974114.570,0.001,0.252,0.166,0.375,0.197,0.007
638726.180,7982677.080,0.013,0.262,0.043,0.092,0.515,0.075
636601.180,7974989.570,0.000,0.027,0.028,0.900,0.021,0.023
637163.680,7974302.070,0.000,0.032,0.188,0.716,0.035,0.029
636913.680,7979614.580,0.000,0.001,0.879,0.000,0.065,0.054
640038.690,7981114.580,0.000,0.003,0.141,0.051,0.227,0.578
634288.680,7971489.560,0.000,0.009,0.018,0.059,0.361,0.554
634476.180,7969614.560,0.000,0.000,0.122,0.151,0.182,0.544
638163.680,7972802.070,0.005,0.149,0.350,0.399,0.085,0.013
636788.680,7975739.570,0.000,0.224,0.063,0.632,0.074,0.007
635163.680,7970489.560,0.010,0.385,0.086,0.096,0.418,0.004
637163.680,7975614.570,0.002,0.051,0.290,0.368,0.214,0.074
638601.180,7979302.080,0.000,0.006,0.117,0.014,0.451,0.412
637538.680,7978614.580,0.000,0.869,0.093,0.005,0.004,0.029
638726.180,7974427.070,0.000,0.163,0.170,0.588,0.066,0.014
638601.180,7980239.580,0.000,0.001,0.197,0.063,0.466,0.273
636038.680,7978864.580,0.000,0.047,0.198,0.548,0.076,0.130
637038.680,7978677.080,0.000,0.053,0.322,0.380,0.210,0.036
635976.180,7973802.070,0.000,0.039,0.086,0.346,0.412,0.117
638851.180,7972177.070,0.000,0.109,0.073,0.701,0.030,0.087
636351.180,7979489.580,0.000,0.000,0.838,0.020,0.108,0.034
638913.680,7978239.570,0.000,0.003,0.109,0.029,0.232,0.626
635788.680,7978677.080,0.000,0.005,0.202,0.411,0.155,0.228
637851.180,7972052.070,0.016,0.781,0.013,0.179,0.012,0.000
639913.690,7981989.580,0.002,0.009,0.067,0.109,0.649,0.164
637726.180,7978989.580,0.000,0.917,0.062,0.010,0.000,0.010
635851.180,7970177.060,0.040,0.842,0.037,0.078,0.003,0.000
638288.680,7974927.070,0.098,0.200,0.023,0.357,0.309,0.013
637538.680,7978239.580,0.010,0.903,0.040,0.047,0.000,0.000
636351.180,7976114.570,0.000,0.013,0.208,0.672,0.042,0.066
638038.680,7976552.070,0.037,0.531,0.118,0.266,0.048,0.000
636601.180,7975427.070,0.000,0.285,0.026,0.638,0.048,0.003
637476.180,7977052.070,0.091,0.860,0.005,0.041,0.004,0.000
636538.680,7974302.070,0.000,0.038,0.147,0.487,0.239,0.089
634413.680,7971052.060,0.057,0.501,0.080,0.286,0.077,0.000
635476.180,7971489.560,0.076,0.787,0.014,0.091,0.032,0.000
638976.180,7980177.080,0.002,0.029,0.268,0.116,0.402,0.183
640038.690,7982739.580,0.000,0.026,0.137,0.552,0.223,0.062
638913.680,7980239.580,0.000,0.077,0.410,0.139,0.339,0.034
636976.180,7977989.570,0.003,0.114,0.532,0.230,0.113,0.008
636413.680,7979364.580,0.000,0.009,0.521,0.193,0.217,0.060
638976.180,7973052.070,0.000,0.060,0.287,0.317,0.293,0.043
638226.180,7973052.070,0.000,0.142,0.295,0.482,0.079,0.003
637913.680,7974239.570,0.025,0.466,0.064,0.210,0.235,0.001
635976.180,7974114.570,0.000,0.001,0.172,0.318,0.220,0.288
637288.680,7976552.070,0.000,0.956,0.028,0.005,0.011,0.000
636976.180,7973552.070,0.000,0.186,0.122,0.619,0.060,0.013
638413.680,7979927.080,0.000,0.003,0.139,0.045,0.669,0.144
637851.180,7975239.570,0.000,0.252,0.097,0.592,0.059,0.000
639101.180,7978989.580,0.000,0.008,0.139,0.143,0.400,0.310
636663.680,7974927.070,0.000,0.079,0.138,0.727,0.028,0.028
636913.680,7975364.570,0.000,0.055,0.025,0.897,0.023,0.000
636226.180,7970739.560,0.644,0.293,0.020,0.033,0.000,0.010
638476.180,7971739.560,0.000,0.117,0.079,0.753,0.040,0.011
638226.180,7977802.070,0.000,0.000,0.384,0.476,0.065,0.075
635601.180,7971114.560,0.506,0.481,0.000,0.013,0.000,0.000
636976.180,7978739.580,0.000,0.014,0.379,0.548,0.046,0.013
636538.680,7973614.570,0.000,0.018,0.143,0.709,0.083,0.047
635913.680,7970302.060,0.306,0.419,0.038,0.190,0.028,0.020
634288.680,7971177.060,0.003,0.200,0.114,0.167,0.353,0.164
638413.680,7978427.080,0.000,0.000,0.042,0.135,0.251,0.572
635163.680,7972052.070,0.017,0.093,0.025,0.208,0.642,0.014
637726.180,7980239.580,0.000,0.017,0.323,0.031,0.421,0.209
636851.180,7975989.570,0.002,0.309,0.030,0.578,0.076,0.004
637101.180,7972239.570,0.076,0.260,0.050,0.491,0.119,0.003
637726.180,7975114.570,0.000,0.113,0.048,0.807,0.032,0.000
639163.680,7973927.070,0.000,0.050,0.232,0.532,0.100,0.087
638538.680,7973177.070,0.000,0.000,0.431,0.288,0.213,0.069
637288.680,7975552.070,0.000,0.139,0.126,0.656,0.065,0.014
637663.680,7982364.580,0.000,0.014,0.091,0.388,0.406,0.100
637038.680,7977052.070,0.033,0.852,0.062,0.033,0.021,0.000
638288.680,7981427.080,0.000,0.000,0.515,0.250,0.086,0.150
635413.680,7969927.060,0.447,0.356,0.007,0.175,0.013,0.002
635913.680,7971989.570,0.137,0.723,0.032,0.090,0.018,0.000
635726.180,7978239.580,0.000,0.098,0.281,0.298,0.258,0.064
635851.180,7970302.060,0.228,0.553,0.048,0.152,0.000,0.020
636538.680,7974489.570,0.000,0.051,0.250,0.487,0.155,0.057
639163.680,7972677.070,0.000,0.017,0.329,0.379,0.189,0.086
638663.680,7982052.080,0.000,0.018,0.082,0.341,0.167,0.391
636101.180,7971177.060,0.461,0.487,0.014,0.038,0.000,0.000
637976.180,7977802.070,0.000,0.014,0.223,0.085,0.339,0.340
639038.680,7981739.580,0.000,0.085,0.045,0.029,0.779,0.062
636601.180,7970239.560,0.037,0.786,0.010,0.120,0.047,0.000
636413.680,7977739.570,0.000,0.025,0.156,0.588,0.131,0.100
636601.180,7979489.580,0.000,0.029,0.734,0.094,0.071,0.071
636726.180,7978989.580,0.000,0.000,0.398,0.202,0.221,0.179
636351.180,7971302.060,0.389,0.568,0.010,0.033,0.000,0.000
636851.180,7976614.570,0.000,0.207,0.062,0.612,0.101,0.018
638726.180,7981552.080,0.000,0.020,0.154,0.114,0.273,0.438
636038.680,7978552.080,0.000,0.079,0.126,0.297,0.236,0.261
638726.180,7977614.570,0.000,0.005,0.390,0.080,0.312,0.214
637226.180,7977239.570,0.000,0.956,0.011,0.022,0.012,0.000
639288.680,7973177.070,0.000,0.022,0.172,0.113,0.578,0.116
638413.680,7973114.570,0.000,0.007,0.442,0.331,0.167,0.054
634601.180,7972052.070,0.000,0.007,0.014,0.084,0.024,0.872
638976.180,7972302.070,0.000,0.019,0.152,0.667,0.060,0.102
635101.180,7970489.560,0.020,0.366,0.067,0.076,0.467,0.004
635601.180,7969052.060,0.000,0.286,0.057,0.478,0.064,0.114
637851.180,7974177.070,0.055,0.619,0.016,0.184,0.124,0.003
636163.680,7977177.070,0.000,0.025,0.200,0.590,0.144,0.040
637038.680,7972489.570,0.053,0.319,0.058,0.503,0.062,0.005
638851.180,7972302.070,0.000,0.067,0.163,0.489,0.118,0.164
637288.680,7978364.580,0.006,0.142,0.404,0.239,0.137,0.072
638476.180,7982677.080,0.000,0.066,0.070,0.223,0.364,0.276
636226.180,7978364.580,0.000,0.000,0.089,0.161,0.493,0.256
636351.180,7977927.070,0.000,0.030,0.253,0.497,0.089,0.131
637851.180,7972927.070,0.324,0.152,0.002,0.308,0.210,0.005
636601.180,7974427.070,0.000,0.058,0.247,0.543,0.123,0.029
637976.180,7979052.080,0.000,0.514,0.373,0.050,0.063,0.000
637538.680,7983114.580,0.000,0.026,0.109,0.124,0.629,0.113
638038.680,7976239.570,0.010,0.631,0.234,0.027,0.098,0.000
638851.180,7979989.580,0.000,0.003,0.182,0.084,0.455,0.276
637163.680,7978864.580,0.000,0.000,0.589,0.197,0.107,0.107
638101.180,7979427.080,0.000,0.060,0.541,0.126,0.217,0.056
636351.180,7978989.580,0.000,0.000,0.487,0.296,0.117,0.100
637788.680,7978052.070,0.000,0.376,0.398,0.120,0.092,0.013
635976.180,7976802.070,0.000,0.092,0.088,0.782,0.025,0.013
637976.180,7976052.070,0.000,0.878,0.036,0.053,0.033,0.000
636538.680,7974052.070,0.000,0.042,0.143,0.330,0.393,0.091
639163.680,7981239.580,0.004,0.099,0.571,0.094,0.191,0.042
637788.680,7982427.080,0.000,0.008,0.194,0.432,0.251,0.115
638851.180,7980302.080,0.000,0.172,0.441,0.095,0.289,0.004
637226.180,7980114.580,0.000,0.003,0.918,0.001,0.064,0.015
636601.180,7972427.070,0.047,0.188,0.055,0.495,0.195,0.020
638538.680,7979864.580,0.000,0.003,0.113,0.071,0.449,0.363
637663.680,7974927.070,0.015,0.186,0.057,0.720,0.017,0.005
634538.680,7969364.560,0.000,0.026,0.076,0.187,0.490,0.221
635976.180,7977552.070,0.000,0.000,0.406,0.245,0.279,0.069
639413.680,7983114.580,0.000,0.081,0.055,0.062,0.737,0.065
636476.180,7972739.570,0.022,0.344,0.046,0.428,0.147,0.013
638226.180,7979739.580,0.000,0.026,0.284,0.077,0.430,0.183
638226.180,7982614.580,0.000,0.008,0.181,0.378,0.111,0.322
638663.680,7976239.570,0.000,0.003,0.250,0.121,0.409,0.217
639163.680,7971677.060,0.000,0.012,0.343,0.044,0.309,0.292
637976.180,7978989.580,0.000,0.329,0.489,0.032,0.144,0.007
638538.680,7972739.570,0.000,0.013,0.231,0.497,0.078,0.181
636351.180,7974114.570,0.000,0.013,0.166,0.433,0.219,0.170
637476.180,7974989.570,0.000,0.069,0.028,0.879,0.009,0.014
636288.680,7972239.570,0.266,0.510,0.018,0.188,0.018,0.000
636101.180,7971802.070,0.085,0.802,0.016,0.056,0.041,0.000
638913.680,7975364.570,0.000,0.005,0.362,0.141,0.291,0.201
638163.680,7973364.570,0.004,0.045,0.421,0.294,0.206,0.031
636538.680,7979302.080,0.000,0.000,0.339,0.217,0.250,0.193
636351.180,7977739.570,0.000,0.025,0.203,0.454,0.184,0.134
637663.680,7976989.570,0.018,0.827,0.012,0.131,0.012,0.000
639288.680,7980802.080,0.003,0.049,0.345,0.160,0.326,0.116
636851.180,7972677.070,0.025,0.442,0.043,0.453,0.033,0.005
637788.680,7976177.070,0.030,0.532,0.169,0.120,0.145,0.004
637788.680,7980114.580,0.000,0.020,0.376,0.057,0.425,0.122
638726.180,7981927.080,0.000,0.032,0.150,0.275,0.225,0.317
638226.180,7975489.570,0.026,0.678,0.079,0.185,0.030,0.003
636226.180,7976364.570,0.000,0.052,0.211,0.565,0.048,0.123
638351.180,7972302.070,0.000,0.088,0.073,0.726,0.085,0.028
637726.180,7981864.580,0.000,0.040,0.171,0.185,0.488,0.116
636726.180,7978552.080,0.000,0.000,0.519,0.252,0.122,0.107
635726.180,7976552.070,0.000,0.044,0.238,0.241,0.387,0.089
638413.680,7975802.070,0.034,0.558,0.338,0.016,0.034,0.020
636476.180,7977114.570,0.000,0.039,0.073,0.819,0.055,0.014
637913.680,7977739.570,0.006,0.058,0.387,0.169,0.201,0.179
637288.680,7977114.570,0.026,0.898,0.031,0.023,0.023,0.000
635663.680,7969052.060,0.000,0.315,0.068,0.357,0.112,0.149
638476.180,7978739.580,0.000,0.000,0.063,0.240,0.107,0.589
638101.180,7976677.070,0.014,0.388,0.276,0.164,0.138,0.020
635976.180,7979864.580,0.020,0.052,0.846,0.018,0.034,0.029
636288.680,7972614.570,0.146,0.712,0.005,0.121,0.017,0.000
637663.680,7972864.570,0.147,0.339,0.007,0.383,0.125,0.000
637601.180,7979114.580,0.015,0.673,0.102,0.098,0.104,0.007
638851.180,7980739.580,0.005,0.167,0.078,0.091,0.568,0.092
636351.180,7970489.560,0.733,0.198,0.021,0.031,0.015,0.002
634788.680,7971927.070,0.030,0.128,0.061,0.262,0.324,0.195
637038.680,7975302.070,0.005,0.050,0.056,0.841,0.012,0.035
638226.180,7975614.570,0.018,0.665,0.216,0.072,0.018,0.012
636476.180,7973239.570,0.000,0.164,0.213,0.507,0.079,0.037
638288.680,7980614.580,0.000,0.000,0.047,0.099,0.607,0.247
637726.180,7976177.070,0.020,0.838,0.036,0.052,0.054,0.000
637351.180,7977864.570,0.002,0.858,0.103,0.027,0.008,0.002
637976.180,7983239.580,0.000,0.026,0.175,0.388,0.329,0.083
635038.680,7969364.560,0.000,0.541,0.044,0.357,0.038,0.021
634788.680,7971114.560,0.275,0.284,0.015,0.176,0.251,0.000
634976.180,7971802.070,0.000,0.152,0.046,0.208,0.577,0.017
639038.680,7981864.580,0.000,0.088,0.033,0.018,0.808,0.053
637663.680,7980364.580,0.000,0.003,0.215,0.040,0.565,0.178
636601.180,7972614.570,0.000,0.303,0.056,0.488,0.143,0.010
637663.680,7976489.570,0.152,0.609,0.034,0.184,0.022,0.000
637038.680,7972552.070,0.065,0.338,0.073,0.483,0.037,0.003
639101.180,7978114.570,0.000,0.019,0.097,0.015,0.310,0.559
638163.680,7978302.080,0.000,0.035,0.355,0.495,0.062,0.053
638538.680,7980489.580,0.000,0.018,0.118,0.085,0.430,0.348
635601.180,7974552.070,0.000,0.040,0.134,0.446,0.326,0.054
637601.180,7981739.580,0.000,0.020,0.109,0.179,0.628,0.064
639163.680,7980177.080,0.000,0.016,0.072,0.200,0.476,0.236
636726.180,7975989.570,0.000,0.143,0.063,0.728,0.056,0.010
637476.180,7975802.070,0.010,0.428,0.473,0.050,0.030,0.010
638663.680,7979114.580,0.000,0.000,0.064,0.039,0.621,0.276
636288.680,7971989.570,0.539,0.323,0.003,0.052,0.082,0.000
636976.180,7973177.070,0.000,0.077,0.283,0.428,0.163,0.048
634976.180,7972114.570,0.010,0.162,0.095,0.262,0.362,0.109
635476.180,7970864.560,0.025,0.855,0.007,0.098,0.011,0.006
636601.180,7972802.070,0.007,0.186,0.266,0.366,0.155,0.021
638163.680,7982677.080,0.000,0.008,0.141,0.369,0.189,0.293
638726.180,7976489.570,0.000,0.003,0.396,0.242,0.248,0.111
639288.680,7981489.580,0.002,0.028,0.235,0.082,0.512,0.142
637226.180,7975427.070,0.000,0.192,0.045,0.722,0.032,0.009
637288.680,7972864.570,0.031,0.328,0.046,0.522,0.065,0.009
639413.680,7981739.580,0.000,0.003,0.220,0.140,0.260,0.378
637476.180,7971802.060,0.058,0.686,0.000,0.084,0.171,0.000
636788.680,7975802.070,0.003,0.253,0.133,0.538,0.068,0.006
635288.680,7971989.570,0.038,0.382,0.011,0.312,0.255,0.002
638726.180,7975864.570,0.000,0.680,0.192,0.041,0.080,0.007
634538.680,7971114.560,0.203,0.255,0.000,0.148,0.392,0.002
638913.680,7981427.080,0.023,0.149,0.088,0.114,0.617,0.009
637663.680,7975427.070,0.000,0.390,0.040,0.503,0.053,0.013
636413.680,7976364.570,0.000,0.007,0.171,0.683,0.059,0.079
638851.180,7973677.070,0.000,0.000,0.228,0.500,0.159,0.112
638538.680,7971802.060,0.003,0.165,0.080,0.699,0.026,0.027
636538.680,7979489.580,0.000,0.018,0.784,0.043,0.098,0.056
635538.680,7969927.060,0.148,0.624,0.000,0.188,0.036,0.005
638663.680,7973052.070,0.000,0.002,0.446,0.239,0.257,0.056
637163.680,7973052.070,0.000,0.267,0.254,0.401,0.078,0.000
638663.680,7976427.070,0.000,0.000,0.226,0.262,0.365,0.148
636101.180,7979052.080,0.000,0.011,0.317,0.383,0.158,0.131
637976.180,7977864.570,0.000,0.024,0.330,0.241,0.143,0.262
640038.690,7981302.080,0.000,0.007,0.087,0.048,0.240,0.619
639601.180,7981927.080,0.000,0.009,0.146,0.058,0.498,0.290
637976.180,7975739.570,0.003,0.350,0.130,0.349,0.162,0.006
636288.680,7972989.570,0.015,0.244,0.041,0.376,0.294,0.030
639101.180,7971927.060,0.000,0.017,0.288,0.114,0.353,0.228
636476.180,7977364.570,0.000,0.016,0.223,0.639,0.048,0.074
636288.680,7973489.570,0.000,0.041,0.118,0.554,0.230,0.058
636351.180,7979239.580,0.000,0.000,0.333,0.247,0.153,0.266
636851.180,7977677.070,0.005,0.027,0.211,0.665,0.045,0.047
639288.680,7974989.570,0.000,0.003,0.478,0.259,0.134,0.125
638913.680,7981739.580,0.005,0.029,0.043,0.032,0.738,0.152
636601.180,7973427.070,0.000,0.032,0.190,0.680,0.050,0.048
639726.180,7979739.580,0.000,0.074,0.087,0.346,0.318,0.175
637351.180,7980927.080,0.000,0.003,0.144,0.078,0.556,0.219
638538.680,7972239.570,0.000,0.169,0.189,0.555,0.050,0.036
638663.680,7975677.070,0.012,0.906,0.032,0.049,0.002,0.000
634476.180,7970677.060,0.045,0.428,0.048,0.105,0.370,0.004
638226.180,7978864.580,0.000,0.006,0.206,0.431,0.205,0.152
638413.680,7982177.080,0.000,0.006,0.273,0.406,0.156,0.159
637913.680,7972989.570,0.106,0.380,0.000,0.315,0.195,0.005
636163.680,7977552.070,0.000,0.005,0.515,0.194,0.199,0.086
639476.180,7981927.080,0.000,0.025,0.226,0.034,0.556,0.159
637413.680,7982177.080,0.000,0.015,0.180,0.145,0.501,0.159
636538.680,7976989.570,0.000,0.091,0.060,0.811,0.010,0.028
638476.180,7977614.570,0.000,0.017,0.377,0.191,0.321,0.093
636226.180,7970364.560,0.259,0.531,0.067,0.135,0.008,0.000
639038.680,7971427.060,0.000,0.015,0.195,0.118,0.284,0.388
637351.180,7981364.580,0.012,0.029,0.053,0.130,0.651,0.125
635476.180,7971989.570,0.328,0.156,0.002,0.111,0.404,0.000
636913.680,7972927.070,0.007,0.093,0.305,0.436,0.125,0.035
635913.680,7977864.570,0.000,0.032,0.180,0.238,0.421,0.129
638413.680,7982239.580,0.000,0.009,0.285,0.266,0.183,0.257
639288.680,7981802.080,0.000,0.004,0.270,0.056,0.563,0.107
635538.680,7971802.070,0.225,0.548,0.037,0.126,0.063,0.000
638788.680,7973052.070,0.000,0.004,0.232,0.418,0.301,0.046
635976.180,7971489.560,0.243,0.694,0.004,0.054,0.004,0.000
636726.180,7979802.080,0.000,0.000,0.835,0.034,0.098,0.034
639163.680,7980927.080,0.000,0.051,0.217,0.141,0.451,0.140
636101.180,7969927.060,0.008,0.458,0.082,0.171,0.103,0.179
638226.180,7982364.580,0.000,0.008,0.196,0.416,0.175,0.205
638726.180,7973239.570,0.000,0.012,0.348,0.291,0.281,0.069
637413.680,7977177.070,0.069,0.877,0.010,0.042,0.002,0.000
638663.680,7980989.580,0.000,0.036,0.148,0.199,0.304,0.313
636163.680,7977052.070,0.000,0.040,0.115,0.607,0.213,0.025
638976.180,7975239.570,0.000,0.030,0.336,0.385,0.125,0.125
638163.680,7971677.060,0.000,0.338,0.075,0.496,0.079,0.012
638601.180,7980427.080,0.000,0.013,0.166,0.161,0.292,0.367
638538.680,7979114.580,0.000,0.000,0.060,0.020,0.711,0.208
638663.680,7972802.070,0.000,0.003,0.364,0.280,0.156,0.197
637663.680,7974364.570,0.007,0.247,0.149,0.519,0.078,0.000
636101.180,7976239.570,0.000,0.014,0.223,0.543,0.076,0.144
635726.180,7969364.560,0.000,0.420,0.013,0.354,0.054,0.159
637851.180,7973302.070,0.039,0.301,0.084,0.195,0.365,0.017
637726.180,7978239.570,0.010,0.479,0.233,0.120,0.158,0.000
635788.680,7978802.080,0.000,0.022,0.300,0.333,0.147,0.197
638226.180,7979614.580,0.000,0.027,0.261,0.147,0.346,0.219
637726.180,7971864.570,0.010,0.846,0.002,0.059,0.082,0.002
635976.180,7978614.580,0.000,0.021,0.176,0.578,0.140,0.085
637663.680,7971989.570,0.022,0.817,0.030,0.057,0.073,0.000
638476.180,7972114.570,0.000,0.094,0.158,0.680,0.028,0.040
639851.190,7982177.080,0.000,0.000,0.163,0.095,0.477,0.265
636038.680,7970677.060,0.483,0.394,0.034,0.080,0.005,0.005
636538.680,7971927.070,0.030,0.110,0.066,0.317,0.453,0.024
635788.680,7972052.070,0.056,0.819,0.013,0.090,0.022,0.000
638163.680,7981927.080,0.000,0.000,0.405,0.342,0.153,0.100
637413.680,7981489.580,0.000,0.014,0.056,0.117,0.644,0.170
636663.680,7976239.570,0.005,0.242,0.040,0.610,0.084,0.019
634788.680,7971364.560,0.089,0.391,0.030,0.181,0.310,0.000
638163.680,7982739.580,0.000,0.003,0.196,0.281,0.207,0.313
638413.680,7977052.070,0.000,0.003,0.601,0.144,0.216,0.036
636601.180,7979364.580,0.000,0.007,0.397,0.173,0.242,0.181
635976.180,7976114.570,0.000,0.010,0.244,0.424,0.158,0.164
636663.680,7976614.570,0.000,0.128,0.076,0.727,0.020,0.049
637976.180,7983177.080,0.000,0.023,0.191,0.444,0.257,0.084
637476.180,7980927.080,0.000,0.003,0.190,0.069,0.428,0.310
635726.180,7973864.570,0.000,0.005,0.079,0.128,0.649,0.139
637476.180,7971864.570,0.089,0.579,0.006,0.116,0.210,0.000
636288.680,7976677.070,0.000,0.025,0.075,0.822,0.013,0.065
636663.680,7976989.570,0.000,0.034,0.042,0.914,0.002,0.009
636413.680,7976614.570,0.000,0.035,0.067,0.843,0.013,0.043
638476.180,7975364.570,0.072,0.703,0.058,0.160,0.008,0.000
638038.680,7976302.070,0.000,0.657,0.143,0.103,0.084,0.013
637413.680,7978052.070,0.012,0.426,0.292,0.098,0.103,0.069
636163.680,7976489.570,0.000,0.070,0.123,0.674,0.038,0.095
639601.180,7981739.580,0.000,0.019,0.077,0.157,0.397,0.350
637601.180,7977864.570,0.010,0.959,0.000,0.019,0.013,0.000
636663.680,7972739.570,0.017,0.226,0.216,0.416,0.121,0.003
635851.180,7970552.060,0.116,0.741,0.040,0.085,0.016,0.002
636851.180,7975114.570,0.000,0.063,0.048,0.842,0.035,0.013
634538.680,7971302.060,0.098,0.368,0.036,0.171,0.324,0.003
637163.680,7974677.070,0.000,0.036,0.149,0.772,0.017,0.027
636038.680,7973302.070,0.000,0.069,0.047,0.440,0.324,0.119
638226.180,7981989.580,0.000,0.000,0.417,0.320,0.195,0.068
638413.680,7975177.070,0.036,0.490,0.036,0.292,0.141,0.005
637538.680,7982239.580,0.000,0.029,0.151,0.165,0.557,0.099
638226.180,7972552.070,0.000,0.102,0.120,0.695,0.051,0.033
638351.180,7977677.070,0.000,0.019,0.306,0.302,0.323,0.049
638101.180,7971614.560,0.000,0.459,0.120,0.328,0.074,0.019
639038.680,7978614.580,0.000,0.000,0.021,0.023,0.051,0.905
638788.680,7980427.080,0.005,0.112,0.294,0.167,0.408,0.014
635288.680,7970364.560,0.037,0.674,0.060,0.055,0.169,0.004
639226.180,7975114.570,0.000,0.012,0.489,0.200,0.191,0.108
635663.680,7969239.560,0.000,0.351,0.034,0.413,0.045,0.156
636538.680,7970802.060,0.968,0.022,0.000,0.000,0.010,0.000
638288.680,7979864.580,0.000,0.027,0.119,0.073,0.638,0.143
638413.680,7979302.080,0.000,0.040,0.169,0.046,0.508,0.237
638726.180,7982802.080,0.010,0.307,0.072,0.107,0.488,0.016
639351.180,7981927.080,0.000,0.043,0.276,0.054,0.570,0.057
638038.680,7983239.580,0.000,0.026,0.189,0.471,0.239,0.076
635663.680,7971864.570,0.140,0.618,0.025,0.170,0.048,0.000
638788.680,7979114.580,0.000,0.005,0.127,0.062,0.445,0.361
637476.180,7981239.580,0.000,0.090,0.482,0.130,0.205,0.093
639476.180,7982239.580,0.000,0.119,0.085,0.054,0.680,0.062
638913.680,7979677.080,0.000,0.018,0.072,0.037,0.329,0.544
636913.680,7973927.070,0.000,0.019,0.342,0.483,0.108,0.048
636288.680,7969989.560,0.015,0.598,0.008,0.234,0.092,0.052
636601.180,7974052.070,0.000,0.034,0.112,0.518,0.271,0.065
636788.680,7972677.070,0.016,0.385,0.042,0.461,0.090,0.005
637663.680,7978427.080,0.010,0.863,0.065,0.019,0.042,0.000
636851.180,7977052.070,0.000,0.174,0.043,0.750,0.020,0.013
640038.690,7982677.080,0.000,0.007,0.151,0.517,0.187,0.137
637788.680,7978177.070,0.007,0.360,0.329,0.135,0.156,0.013
636163.680,7976114.570,0.000,0.007,0.202,0.656,0.074,0.060
636476.180,7976364.570,0.000,0.014,0.115,0.722,0.045,0.104
638163.680,7978552.080,0.000,0.000,0.241,0.548,0.102,0.109
637413.680,7975989.570,0.010,0.937,0.035,0.018,0.000,0.000
638351.180,7974177.070,0.010,0.157,0.486,0.132,0.210,0.005
636726.180,7977489.570,0.000,0.082,0.076,0.743,0.065,0.034
634976.180,7970989.560,0.089,0.495,0.020,0.152,0.244,0.000
636663.680,7976677.070,0.000,0.079,0.009,0.894,0.010,0.008
636726.180,7973239.570,0.000,0.103,0.054,0.755,0.054,0.033
635538.680,7973864.570,0.000,0.075,0.100,0.308,0.375,0.142
635976.180,7970489.560,0.334,0.513,0.064,0.076,0.009,0.005
637101.180,7975489.570,0.000,0.188,0.014,0.774,0.018,0.006
637788.680,7981802.080,0.000,0.060,0.343,0.321,0.234,0.041
637913.680,7971802.060,0.000,0.881,0.062,0.041,0.015,0.000
638913.680,7975177.070,0.000,0.052,0.175,0.487,0.142,0.143
636538.680,7972114.570,0.031,0.101,0.054,0.370,0.410,0.034
638101.180,7974427.070,0.067,0.636,0.015,0.186,0.096,0.000
634788.680,7971239.560,0.430,0.125,0.002,0.149,0.294,0.000
636101.180,7979677.080,0.000,0.037,0.902,0.008,0.030,0.022
637663.680,7981927.080,0.000,0.035,0.125,0.198,0.583,0.060
635851.180,7978239.580,0.000,0.005,0.443,0.189,0.258,0.105
639663.680,7980177.080,0.000,0.000,0.099,0.027,0.541,0.333
637538.680,7977552.070,0.000,0.988,0.000,0.003,0.010,0.000
637601.180,7972427.070,0.399,0.287,0.006,0.214,0.094,0.000
635788.680,7974677.070,0.000,0.035,0.177,0.557,0.151,0.080
638538.680,7980239.580,0.000,0.028,0.097,0.066,0.447,0.361
639351.180,7979927.080,0.000,0.010,0.099,0.096,0.539,0.256
635851.180,7977802.070,0.000,0.035,0.153,0.216,0.474,0.123
638788.680,7980677.080,0.005,0.047,0.207,0.076,0.632,0.032
636288.680,7978239.580,0.000,0.000,0.125,0.164,0.368,0.343
637538.680,7975239.570,0.000,0.126,0.116,0.742,0.010,0.006
638038.680,7971802.060,0.013,0.493,0.287,0.088,0.116,0.004
638663.680,7979364.580,0.010,0.019,0.160,0.017,0.428,0.366
638476.180,7975677.070,0.021,0.853,0.066,0.057,0.004,0.000
638163.680,7981177.080,0.000,0.007,0.265,0.363,0.247,0.118
637851.180,7974364.570,0.253,0.490,0.066,0.157,0.034,0.000
638601.180,7980927.080,0.000,0.000,0.265,0.089,0.314,0.333
634788.680,7972177.070,0.000,0.016,0.121,0.173,0.062,0.628
639163.680,7974489.570,0.000,0.011,0.360,0.433,0.099,0.096
636351.180,7979614.580,0.000,0.010,0.844,0.009,0.089,0.048
639726.180,7982864.580,0.000,0.184,0.086,0.050,0.647,0.034
636788.680,7974302.070,0.000,0.318,0.273,0.215,0.176,0.019
637351.180,7971927.070,0.218,0.448,0.033,0.120,0.180,0.000
639226.180,7971489.560,0.000,0.000,0.182,0.093,0.544,0.181
637663.680,7976614.570,0.072,0.757,0.033,0.130,0.003,0.005
637976.180,7981489.580,0.000,0.009,0.285,0.299,0.217,0.189
634976.180,7970552.060,0.000,0.314,0.072,0.076,0.534,0.004
638726.180,7982302.080,0.000,0.038,0.090,0.054,0.307,0.510
636538.680,7976364.570,0.000,0.022,0.062,0.874,0.007,0.034
639663.680,7980927.080,0.000,0.052,0.181,0.417,0.170,0.180
636913.680,7976427.070,0.088,0.645,0.082,0.141,0.044,0.000
637788.680,7972677.070,0.414,0.120,0.000,0.245,0.213,0.009
638976.180,7973864.570,0.000,0.010,0.341,0.420,0.123,0.106
639913.690,7982927.080,0.000,0.009,0.198,0.146,0.496,0.152
637601.180,7978302.080,0.000,0.911,0.079,0.010,0.000,0.000
638163.680,7978052.070,0.000,0.004,0.499,0.227,0.142,0.128
635851.180,7970927.060,0.852,0.123,0.000,0.026,0.000,0.000
638663.680,7977552.070,0.000,0.007,0.323,0.106,0.344,0.219
636976.180,7971552.060,0.267,0.434,0.024,0.230,0.044,0.000
637538.680,7978677.080,0.005,0.772,0.093,0.028,0.067,0.035
638663.680,7982927.080,0.000,0.203,0.109,0.132,0.355,0.201
638226.180,7974239.570,0.002,0.323,0.154,0.152,0.369,0.000
636601.180,7973239.570,0.000,0.036,0.191,0.627,0.103,0.044
637163.680,7978052.070,0.022,0.810,0.125,0.035,0.008,0.000
638476.180,7971552.060,0.000,0.078,0.235,0.516,0.143,0.028
637601.180,7974114.570,0.061,0.499,0.218,0.172,0.050,0.000
635726.180,7976864.570,0.000,0.097,0.199,0.258,0.363,0.083
639351.180,7980177.080,0.000,0.008,0.088,0.095,0.556,0.253
635726.180,7969677.060,0.010,0.717,0.007,0.171,0.022,0.073
636101.180,7978927.080,0.000,0.005,0.202,0.513,0.160,0.121
637038.680,7973489.570,0.000,0.090,0.037,0.788,0.073,0.012
639101.180,7973677.070,0.000,0.025,0.220,0.461,0.261,0.032
634351.180,7970739.560,0.003,0.436,0.043,0.233,0.252,0.033
638351.180,7977989.570,0.000,0.007,0.439,0.362,0.063,0.129
638538.680,7978239.570,0.000,0.009,0.199,0.460,0.222,0.110
639351.180,7982989.580,0.000,0.013,0.082,0.049,0.592,0.265
636788.680,7974489.570,0.000,0.101,0.185,0.560,0.124,0.030
635851.180,7977552.070,0.000,0.043,0.123,0.158,0.538,0.138
638351.180,7982927.080,0.000,0.003,0.278,0.394,0.127,0.198
637913.680,7972552.070,0.005,0.204,0.145,0.260,0.354,0.032
639101.180,7973989.570,0.000,0.030,0.249,0.543,0.098,0.080
639476.180,7979677.080,0.000,0.000,0.027,0.049,0.286,0.638
636163.680,7972614.570,0.182,0.623,0.004,0.173,0.016,0.002
638101.180,7977177.070,0.000,0.139,0.530,0.110,0.184,0.037
637538.680,7979739.580,0.000,0.010,0.339,0.070,0.328,0.253
636226.180,7969802.060,0.000,0.454,0.000,0.396,0.040,0.109
637538.680,7973302.070,0.036,0.180,0.407,0.170,0.176,0.031
635913.680,7978114.580,0.000,0.009,0.347,0.182,0.284,0.177
634601.180,7971864.570,0.013,0.072,0.058,0.134,0.180,0.543
637788.680,7983114.580,0.000,0.006,0.239,0.349,0.251,0.155
638976.180,7979302.080,0.000,0.042,0.382,0.137,0.277,0.162
638913.680,7973052.070,0.000,0.014,0.154,0.377,0.424,0.031
635226.180,7970677.060,0.011,0.491,0.041,0.195,0.262,0.000
639101.180,7982614.580,0.000,0.016,0.015,0.009,0.939,0.020
637851.180,7978114.570,0.000,0.066,0.332,0.436,0.118,0.048
637351.180,7972177.070,0.033,0.183,0.039,0.375,0.352,0.018
638913.680,7978114.570,0.000,0.061,0.302,0.028,0.273,0.336
634601.180,7970927.060,0.139,0.457,0.028,0.127,0.249,0.000
635226.180,7969239.560,0.000,0.317,0.034,0.624,0.016,0.009
638351.180,7972427.070,0.000,0.125,0.031,0.771,0.050,0.023
635601.180,7969677.060,0.038,0.820,0.002,0.115,0.023,0.003
636601.180,7978114.570,0.000,0.074,0.162,0.403,0.208,0.153
638726.180,7972802.070,0.000,0.000,0.464,0.239,0.158,0.138
637976.180,7971614.560,0.102,0.680,0.054,0.147,0.016,0.000
640038.690,7983114.580,0.000,0.015,0.239,0.114,0.447,0.185
636601.180,7978489.580,0.000,0.000,0.233,0.625,0.060,0.082
638788.680,7983177.080,0.000,0.014,0.160,0.219,0.429,0.178
637476.180,7974614.570,0.000,0.028,0.025,0.908,0.018,0.022
638288.680,7980427.080,0.000,0.000,0.160,0.163,0.540,0.136
637351.180,7980114.580,0.000,0.003,0.854,0.013,0.095,0.036
637101.180,7974489.570,0.000,0.075,0.173,0.685,0.061,0.005
638351.180,7980052.080,0.000,0.000,0.053,0.035,0.796,0.117
638913.680,7981239.580,0.000,0.120,0.119,0.111,0.579,0.072
636788.680,7974739.570,0.000,0.000,0.252,0.582,0.093,0.073
634913.680,7969427.060,0.005,0.341,0.036,0.480,0.106,0.032
638913.680,7975552.070,0.025,0.407,0.342,0.067,0.157,0.003
639663.680,7982114.580,0.000,0.000,0.162,0.053,0.348,0.437
639851.180,7981052.080,0.000,0.007,0.168,0.110,0.201,0.514
637226.180,7977489.570,0.000,0.741,0.087,0.033,0.136,0.003
637726.180,7973114.570,0.090,0.453,0.074,0.173,0.208,0.003
636663.680,7977739.570,0.000,0.164,0.108,0.677,0.033,0.018
637976.180,7973927.070,0.043,0.286,0.085,0.241,0.335,0.009
634913.680,7969302.060,0.000,0.237,0.032,0.639,0.067,0.024
637413.680,7979677.080,0.000,0.007,0.558,0.090,0.156,0.188
636726.180,7973802.070,0.000,0.046,0.201,0.541,0.124,0.089
636913.680,7972427.070,0.035,0.229,0.120,0.480,0.129,0.007
635851.180,7971052.060,0.870,0.124,0.000,0.006,0.000,0.000
636351.180,7980114.580,0.000,0.000,0.825,0.042,0.097,0.037
637351.180,7975364.570,0.000,0.113,0.093,0.762,0.016,0.016
635101.180,7969927.060,0.159,0.526,0.013,0.290,0.013,0.000
637538.680,7983052.080,0.000,0.013,0.074,0.082,0.649,0.181
638413.680,7972114.570,0.000,0.041,0.169,0.684,0.062,0.044
639976.190,7982177.080,0.002,0.018,0.165,0.093,0.572,0.151
636538.680,7972864.570,0.000,0.223,0.261,0.326,0.187,0.003
636163.680,7978177.080,0.000,0.000,0.080,0.256,0.360,0.303
638913.680,7978552.080,0.000,0.000,0.005,0.007,0.014,0.974
639726.180,7981489.580,0.000,0.000,0.126,0.079,0.284,0.511
639038.680,7973802.070,0.000,0.033,0.249,0.441,0.147,0.130
638601.180,7972177.070,0.000,0.108,0.107,0.675,0.044,0.066
638976.180,7973239.570,0.000,0.009,0.321,0.299,0.328,0.044
638226.180,7979239.580,0.000,0.000,0.101,0.049,0.329,0.521
639038.680,7972052.070,0.000,0.025,0.309,0.206,0.301,0.159
637788.680,7976614.570,0.057,0.696,0.034,0.205,0.003,0.005
637788.680,7972239.570,0.064,0.755,0.058,0.073,0.048,0.003
638413.680,7974489.570,0.000,0.604,0.081,0.172,0.133,0.010
639476.180,7982302.080,0.000,0.192,0.045,0.030,0.702,0.031
638726.180,7978802.080,0.000,0.000,0.158,0.187,0.082,0.573
636163.680,7978614.580,0.000,0.010,0.109,0.285,0.292,0.303
635476.180,7969177.060,0.000,0.344,0.018,0.482,0.017,0.139
637226.180,7979989.580,0.000,0.000,0.909,0.020,0.061,0.010
636851.180,7972239.570,0.070,0.192,0.086,0.381,0.239,0.032
638601.180,7976302.070,0.000,0.000,0.130,0.134,0.489,0.247
637413.680,7977927.070,0.000,0.839,0.116,0.031,0.002,0.012
637976.180,7982864.580,0.000,0.000,0.128,0.329,0.311,0.232
638413.680,7978489.580,0.000,0.000,0.081,0.176,0.237,0.506
637476.180,7980177.080,0.010,0.020,0.787,0.023,0.126,0.033
635788.680,7974302.070,0.000,0.035,0.166,0.482,0.262,0.056
